Cell Model,30Q
Cell Number,8
Power Level,23.15
Load,2
Temperature,60
Time (s),Volts,Amps,Temp 1,Temp 2,Temp 3
1540585515.1147597,4.19748,0.0827942,,,
1540585515.220086,4.19748,0.0827942,0,0,0
1540585515.3026712,4.19748,0.0827942,,,
1540585515.4045298,4.08023,0.0827942,,,
1540585515.5048804,4.08023,5.68033,,,
1540585515.6140609,4.08023,5.68033,,,
1540585515.705429,4.08023,5.68033,,,
1540585515.8045475,4.06941,5.68803,,,
1540585515.9044452,4.06941,5.68803,,,
1540585516.0083494,4.06941,5.68803,,,
1540585516.1056414,4.06577,5.69319,,,
1540585516.2050533,4.06577,5.69319,0,0,0
1540585516.3048966,4.06577,5.69319,,,
1540585516.4197013,4.06274,5.69319,,,
1540585516.5065107,4.06274,5.69704,,,
1540585516.6048763,4.06274,5.69704,,,
1540585516.7046876,4.06274,5.69704,,,
1540585516.8140721,4.06024,5.70064,,,
1540585516.9038413,4.06024,5.70064,,,
1540585517.0031817,4.06024,5.70064,,,
1540585517.1043098,4.05791,5.70399,,,
1540585517.2346337,4.05791,5.70399,0,0,0
1540585517.3186827,4.05791,5.70399,,,
1540585517.404817,4.05579,5.70399,,,
1540585517.504804,4.05579,5.70708,,,
1540585517.6054475,4.05579,5.70708,,,
1540585517.7115672,4.05579,5.70708,,,
1540585517.805307,4.05382,5.70964,,,
1540585517.9053328,4.05382,5.70964,,,
1540585518.0220275,4.05382,5.70964,,,
1540585518.1280162,4.052,5.71222,,,
1540585518.2120497,4.052,5.71222,0,0,0
1540585518.3064432,4.052,5.71222,,,
1540585518.4068217,4.05026,5.71222,,,
1540585518.5181928,4.05026,5.7148,,,
1540585518.6068127,4.05026,5.7148,,,
1540585518.7061882,4.05026,5.7148,,,
1540585518.8193858,4.04858,5.7171,,,
1540585518.9182062,4.04858,5.7171,,,
1540585519.0244462,4.04858,5.7171,,,
1540585519.1080906,4.047,5.7171,,,
1540585519.2070627,4.047,5.71942,0,0,0
1540585519.30731,4.047,5.71942,,,
1540585519.4151726,4.04549,5.71942,,,
1540585519.5066602,4.04549,5.72148,,,
1540585519.612357,4.04549,5.72148,,,
1540585519.7207808,4.04549,5.72148,,,
1540585519.8283904,4.04405,5.72328,,,
1540585519.9120362,4.04405,5.72328,,,
1540585520.0082827,4.04405,5.72328,,,
1540585520.108277,4.04262,5.72328,,,
1540585520.218424,4.04262,5.7256,0,0,0
1540585520.3261733,4.04262,5.7256,,,
1540585520.4122388,4.04124,5.7256,,,
1540585520.5264184,4.04124,5.7274,,,
1540585520.6089008,4.04124,5.7274,,,
1540585520.7170193,4.04124,5.7274,,,
1540585520.808149,4.03996,5.7292,,,
1540585520.9082754,4.03996,5.7292,,,
1540585521.0101774,4.03996,5.7292,,,
1540585521.1282246,4.03868,5.731,,,
1540585521.2121637,4.03868,5.731,0,0,0
1540585521.3290336,4.03868,5.731,,,
1540585521.4100072,4.03746,5.731,,,
1540585521.5242934,4.03746,5.73254,,,
1540585521.6092994,4.03746,5.73254,,,
1540585521.7101772,4.03746,5.73254,,,
1540585521.8096328,4.03625,5.73434,,,
1540585521.918301,4.03625,5.73434,,,
1540585522.02936,4.03625,5.73434,,,
1540585522.132938,4.03511,5.73434,,,
1540585522.2110531,4.03511,5.73615,0,0,0
1540585522.3111897,4.03511,5.73615,,,
1540585522.4171324,4.03398,5.73615,,,
1540585522.511269,4.03398,5.73795,,,
1540585522.6117969,4.03398,5.73795,,,
1540585522.7113948,4.03398,5.73795,,,
1540585522.8329167,4.03285,5.73949,,,
1540585522.947756,4.03285,5.73949,,,
1540585523.0131483,4.03285,5.73949,,,
1540585523.111886,4.03178,5.73949,,,
1540585523.22226,4.03178,5.74077,0,0,0
1540585523.3356519,4.03178,5.74077,,,
1540585523.4126542,4.03178,5.74077,,,
1540585523.512395,4.03073,5.74257,,,
1540585523.6179974,4.03073,5.74257,,,
1540585523.7373633,4.03073,5.74257,,,
1540585523.8148875,4.02966,5.74361,,,
1540585523.913269,4.02966,5.74361,,,
1540585524.0131407,4.02966,5.74361,,,
1540585524.1232445,4.02869,5.74361,,,
1540585524.214633,4.02869,5.74515,0,0,0
1540585524.314632,4.02869,5.74515,,,
1540585524.4149082,4.02869,5.74515,,,
1540585524.538625,4.02769,5.74643,,,
1540585524.6231608,4.02769,5.74643,,,
1540585524.715156,4.02769,5.74643,,,
1540585524.8149865,4.02672,5.74823,,,
1540585524.9292789,4.02672,5.74823,,,
1540585525.0155115,4.02672,5.74823,,,
1540585525.114653,4.0258,5.74823,,,
1540585525.216485,4.0258,5.74951,0,0,0
1540585525.344487,4.0258,5.74951,,,
1540585525.4346356,4.02483,5.74951,,,
1540585525.516767,4.02483,5.75081,,,
1540585525.6162653,4.02483,5.75081,,,
1540585525.7191248,4.02483,5.75081,,,
1540585525.8259907,4.02399,5.75183,,,
1540585525.9159725,4.02399,5.75183,,,
1540585526.0171323,4.02399,5.75183,,,
1540585526.1368406,4.02301,5.75183,,,
1540585526.2383285,4.02301,5.75311,0,0,0
1540585526.321894,4.02301,5.75311,,,
1540585526.4180126,4.02301,5.75311,,,
1540585526.5183547,4.02217,5.75441,,,
1540585526.628334,4.02217,5.75441,,,
1540585526.7422466,4.02217,5.75441,,,
1540585526.818965,4.02127,5.75543,,,
1540585526.933429,4.02127,5.75543,,,
1540585527.0283773,4.02127,5.75543,,,
1540585527.1358552,4.02043,5.75543,,,
1540585527.218986,4.02043,5.75671,0,0,0
1540585527.3187537,4.02043,5.75671,,,
1540585527.4188735,4.02043,5.75671,,,
1540585527.5266066,4.01959,5.75827,,,
1540585527.6193767,4.01959,5.75827,,,
1540585527.7299747,4.01959,5.75827,,,
1540585527.829359,4.01877,5.75929,,,
1540585527.9229567,4.01877,5.75929,,,
1540585528.0202446,4.01877,5.75929,,,
1540585528.1191022,4.01793,5.75929,,,
1540585528.2199934,4.01793,5.76057,0,0,0
1540585528.3343246,4.01793,5.76057,,,
1540585528.4188213,4.01793,5.76057,,,
1540585528.5237038,4.01711,5.76187,,,
1540585528.6326165,4.01711,5.76187,,,
1540585528.7295632,4.01711,5.76187,,,
1540585528.8362179,4.01634,5.76289,,,
1540585528.9202406,4.01634,5.76289,,,
1540585529.0204754,4.01634,5.76289,,,
1540585529.120728,4.01559,5.76289,,,
1540585529.2268586,4.01559,5.76392,0,0,0
1540585529.3244355,4.01559,5.76392,,,
1540585529.437223,4.01559,5.76392,,,
1540585529.5211174,4.01483,5.76495,,,
1540585529.644972,4.01483,5.76495,,,
1540585529.7261038,4.01483,5.76495,,,
1540585529.8223433,4.01407,5.76495,,,
1540585529.9225793,4.01407,5.76598,,,
1540585530.033987,4.01407,5.76598,,,
1540585530.1223311,4.01332,5.76598,,,
1540585530.2466836,4.01332,5.76701,0,0,0
1540585530.343734,4.01332,5.76701,,,
1540585530.4290898,4.01332,5.76701,,,
1540585530.5394845,4.01256,5.76804,,,
1540585530.6232285,4.01256,5.76804,,,
1540585530.7235985,4.01256,5.76804,,,
1540585530.8234732,4.01187,5.76804,,,
1540585530.9335775,4.01187,5.76932,,,
1540585531.0239606,4.01187,5.76932,,,
1540585531.1442304,4.01112,5.76932,,,
1540585531.2240827,4.01112,5.7701,0,0,0
1540585531.3432026,4.01112,5.7701,,,
1540585531.42634,4.01112,5.7701,,,
1540585531.5248334,4.01044,5.77164,,,
1540585531.6237206,4.01044,5.77164,,,
1540585531.7324615,4.01044,5.77164,,,
1540585531.842853,4.00977,5.77164,,,
1540585531.948723,4.00977,5.77242,,,
1540585532.0279508,4.00977,5.77242,,,
1540585532.125213,4.00977,5.77242,,,
1540585532.2317052,4.009,5.77344,0,0,0
1540585532.3263478,4.009,5.77344,,,
1540585532.426311,4.009,5.77344,,,
1540585532.5265703,4.00839,5.77422,,,
1540585532.6483266,4.00839,5.77422,,,
1540585532.763708,4.00839,5.77422,,,
1540585532.826283,4.00772,5.77422,,,
1540585532.9270892,4.00772,5.77524,,,
1540585533.03955,4.00772,5.77524,,,
1540585533.12633,4.00772,5.77524,,,
1540585533.2265906,4.00703,5.77602,0,0,0
1540585533.3265696,4.00703,5.77602,,,
1540585533.4345713,4.00703,5.77602,,,
1540585533.5504348,4.00635,5.77704,,,
1540585533.6279674,4.00635,5.77704,,,
1540585533.7263174,4.00635,5.77704,,,
1540585533.8289328,4.00568,5.77704,,,
1540585533.9364467,4.00568,5.77832,,,
1540585534.0280533,4.00568,5.77832,,,
1540585534.1280658,4.00568,5.77832,,,
1540585534.228037,4.00507,5.7791,0,0,0
1540585534.3676693,4.00507,5.7791,,,
1540585534.4318042,4.00507,5.7791,,,
1540585534.5284352,4.00446,5.77988,,,
1540585534.6285348,4.00446,5.77988,,,
1540585534.7387917,4.00446,5.77988,,,
1540585534.8287866,4.00386,5.77988,,,
1540585534.9289212,4.00386,5.7809,,,
1540585535.0289142,4.00386,5.7809,,,
1540585535.1595802,4.00325,5.7809,,,
1540585535.2493265,4.00325,5.78142,0,0,0
1540585535.328311,4.00325,5.78142,,,
1540585535.4293058,4.00325,5.78142,,,
1540585535.5284274,4.00264,5.78244,,,
1540585535.6372888,4.00264,5.78244,,,
1540585535.7286546,4.00264,5.78244,,,
1540585535.8288257,4.00204,5.78244,,,
1540585535.947942,4.00204,5.78348,,,
1540585536.0490463,4.00204,5.78348,,,
1540585536.132458,4.00204,5.78348,,,
1540585536.2299209,4.00143,5.7845,0,0,0
1540585536.3297904,4.00143,5.7845,,,
1540585536.4386995,4.00143,5.7845,,,
1540585536.5466852,4.00082,5.78528,,,
1540585536.6308324,4.00082,5.78528,,,
1540585536.7467432,4.00082,5.78528,,,
1540585536.8387985,4.00023,5.78528,,,
1540585536.9370363,4.00023,5.78604,,,
1540585537.031052,4.00023,5.78604,,,
1540585537.1307662,4.00023,5.78604,,,
1540585537.2310247,3.99962,5.78708,0,0,0
1540585537.3536572,3.99962,5.78708,,,
1540585537.4362998,3.99962,5.78708,,,
1540585537.5433302,3.99908,5.7881,,,
1540585537.6391418,3.99908,5.7881,,,
1540585537.7435453,3.99908,5.7881,,,
1540585537.8330348,3.99847,5.7881,,,
1540585537.933664,3.99847,5.78862,,,
1540585538.0346625,3.99847,5.78862,,,
1540585538.1386774,3.99847,5.78862,,,
1540585538.249931,3.99796,5.78938,0,0,0
1540585538.339427,3.99796,5.78938,,,
1540585538.443546,3.99796,5.78938,,,
1540585538.5350456,3.99742,5.79016,,,
1540585538.6428545,3.99742,5.79016,,,
1540585538.734168,3.99742,5.79016,,,
1540585538.8330474,3.99689,5.79016,,,
1540585538.9334228,3.99689,5.79068,,,
1540585539.0565484,3.99689,5.79068,,,
1540585539.1412551,3.99689,5.79068,0,0,0
1540585539.2496738,3.99629,5.7917,,,
1540585539.33392,3.99629,5.7917,,,
1540585539.4494202,3.99629,5.7917,,,
1540585539.5352933,3.99576,5.79248,,,
1540585539.635787,3.99576,5.79248,,,
1540585539.7359324,3.99576,5.79248,,,
1540585539.8457975,3.99522,5.79248,,,
1540585539.961248,3.99522,5.79298,,,
1540585540.0576756,3.99522,5.79298,,,
1540585540.1358979,3.99522,5.79298,0,0,0
1540585540.2365456,3.99469,5.79376,,,
1540585540.3440027,3.99469,5.79376,,,
1540585540.4366522,3.99469,5.79376,,,
1540585540.5367675,3.99417,5.79376,,,
1540585540.636783,3.99417,5.79478,,,
1540585540.763273,3.99417,5.79478,,,
1540585540.8700454,3.99364,5.79478,,,
1540585540.9380014,3.99364,5.79556,,,
1540585541.0381281,3.99364,5.79556,,,
1540585541.1549597,3.99364,5.79556,,,
1540585541.23821,3.9931,5.79659,0,0,0
1540585541.3385956,3.9931,5.79659,,,
1540585541.4392533,3.9931,5.79659,,,
1540585541.5446866,3.99265,5.79736,,,
1540585541.6614954,3.99265,5.79736,,,
1540585541.7409718,3.99265,5.79736,,,
1540585541.8408833,3.99213,5.79736,,,
1540585541.940427,3.99213,5.79788,,,
1540585542.0488777,3.99213,5.79788,,,
1540585542.1414952,3.99213,5.79788,,,
1540585542.2414238,3.99159,5.79865,0,0,0
1540585542.341519,3.99159,5.79865,,,
1540585542.4826837,3.99159,5.79865,,,
1540585542.5475667,3.99113,5.79865,,,
1540585542.6415973,3.99113,5.79942,,,
1540585542.7418602,3.99113,5.79942,,,
1540585542.8587675,3.99062,5.79942,,,
1540585542.9417462,3.99062,5.79968,,,
1540585543.0489454,3.99062,5.79968,,,
1540585543.1465058,3.99062,5.79968,,,
1540585543.2703598,3.99016,5.80045,0,0,0
1540585543.3609235,3.99016,5.80045,,,
1540585543.441513,3.99016,5.80045,,,
1540585543.5421422,3.98962,5.80045,,,
1540585543.6456354,3.98962,5.80122,,,
1540585543.7528698,3.98962,5.80122,,,
1540585543.8419945,3.98962,5.80122,,,
1540585543.9422622,3.98917,5.80225,,,
1540585544.0669537,3.98917,5.80225,,,
1540585544.1634905,3.98917,5.80225,0,0,0
1540585544.2465053,3.98872,5.80276,,,
1540585544.342735,3.98872,5.80276,,,
1540585544.4427228,3.98872,5.80276,,,
1540585544.5531309,3.98827,5.80276,,,
1540585544.6441038,3.98827,5.80328,,,
1540585544.7431328,3.98827,5.80328,,,
1540585544.8671997,3.98773,5.80328,,,
1540585544.9496267,3.98773,5.80405,,,
1540585545.061372,3.98773,5.80405,,,
1540585545.143763,3.98773,5.80405,0,0,0
1540585545.2448747,3.98727,5.80482,,,
1540585545.3441298,3.98727,5.80482,,,
1540585545.4544926,3.98727,5.80482,,,
1540585545.545737,3.98683,5.80482,,,
1540585545.6656954,3.98683,5.80508,,,
1540585545.7507718,3.98683,5.80508,,,
1540585545.848333,3.98683,5.80508,,,
1540585545.9462347,3.98637,5.80585,,,
1540585546.0466173,3.98637,5.80585,,,
1540585546.1471012,3.98637,5.80585,,,
1540585546.2591004,3.98592,5.80688,0,0,0
1540585546.3696325,3.98592,5.80688,,,
1540585546.4638326,3.98592,5.80688,,,
1540585546.5526085,3.98546,5.80688,,,
1540585546.6592267,3.98546,5.80739,,,
1540585546.7473524,3.98546,5.80739,,,
1540585546.8463976,3.98546,5.80739,,,
1540585546.946118,3.985,5.80817,,,
1540585547.0558605,3.985,5.80817,,,
1540585547.1641042,3.985,5.80817,0,0,0
1540585547.2568653,3.98456,5.80894,,,
1540585547.3564396,3.98456,5.80894,,,
1540585547.44674,3.98456,5.80894,,,
1540585547.5544682,3.9841,5.80894,,,
1540585547.6468513,3.9841,5.80971,,,
1540585547.7472067,3.9841,5.80971,,,
1540585547.8484495,3.9841,5.80971,,,
1540585547.9692338,3.98372,5.80997,,,
1540585548.0598116,3.98372,5.80997,,,
1540585548.1627197,3.98372,5.80997,0,0,0
1540585548.248982,3.98326,5.81075,,,
1540585548.3592207,3.98326,5.81075,,,
1540585548.4734926,3.98326,5.81075,,,
1540585548.549725,3.98289,5.81075,,,
1540585548.6493597,3.98289,5.81151,,,
1540585548.7564623,3.98289,5.81151,,,
1540585548.8755364,3.98289,5.81151,,,
1540585548.967342,3.98244,5.81203,,,
1540585549.0490959,3.98244,5.81203,,,
1540585549.1492164,3.98244,5.81203,,,
1540585549.2586906,3.98198,5.81229,0,0,0
1540585549.3499856,3.98198,5.81229,,,
1540585549.4497287,3.98198,5.81229,,,
1540585549.5498192,3.9816,5.81229,,,
1540585549.6542187,3.9816,5.81305,,,
1540585549.7902086,3.9816,5.81305,,,
1540585549.8729582,3.9816,5.81305,,,
1540585549.9522197,3.98114,5.81383,,,
1540585550.065455,3.98114,5.81383,,,
1540585550.1523209,3.98114,5.81383,0,0,0
1540585550.2509718,3.98077,5.81435,,,
1540585550.350977,3.98077,5.81435,,,
1540585550.4599607,3.98077,5.81435,,,
1540585550.5721314,3.98032,5.81435,,,
1540585550.6734896,3.98032,5.81511,,,
1540585550.7517428,3.98032,5.81511,,,
1540585550.8517432,3.98032,5.81511,,,
1540585550.9581907,3.97993,5.81537,,,
1540585551.0532067,3.97993,5.81537,,,
1540585551.152176,3.97993,5.81537,,,
1540585551.252447,3.97955,5.81537,0,0,0
1540585551.3742967,3.97955,5.81589,,,
1540585551.4890718,3.97955,5.81589,,,
1540585551.5535865,3.97911,5.81589,,,
1540585551.6529624,3.97911,5.81665,,,
1540585551.7668154,3.97911,5.81665,,,
1540585551.8542027,3.97911,5.81665,,,
1540585551.9545527,3.97873,5.81717,,,
1540585552.0555813,3.97873,5.81717,,,
1540585552.1594496,3.97873,5.81717,0,0,0
1540585552.2766593,3.97835,5.81717,,,
1540585552.3547776,3.97835,5.81743,,,
1540585552.4550476,3.97835,5.81743,,,
1540585552.555048,3.97797,5.81743,,,
1540585552.6652205,3.97797,5.81871,,,
1540585552.7554178,3.97797,5.81871,,,
1540585552.8562844,3.97797,5.81871,,,
1540585552.9558163,3.97751,5.81923,,,
1540585553.076617,3.97751,5.81923,,,
1540585553.1572835,3.97751,5.81923,0,0,0
1540585553.256047,3.97714,5.81923,,,
1540585553.3562894,3.97714,5.81949,,,
1540585553.4706628,3.97714,5.81949,,,
1540585553.579304,3.97676,5.81949,,,
1540585553.6571617,3.97676,5.82025,,,
1540585553.7564063,3.97676,5.82025,,,
1540585553.8795168,3.97676,5.82025,,,
1540585553.9671865,3.97638,5.82103,,,
1540585554.0568995,3.97638,5.82103,,,
1540585554.1582494,3.97638,5.82103,0,0,0
1540585554.2581985,3.976,5.82103,,,
1540585554.3792975,3.976,5.82155,,,
1540585554.4634159,3.976,5.82155,,,
1540585554.5584006,3.976,5.82155,,,
1540585554.6783845,3.97562,5.82231,,,
1540585554.7690217,3.97562,5.82231,,,
1540585554.8581083,3.97562,5.82231,,,
1540585554.9577577,3.97525,5.82231,,,
1540585555.0582335,3.97525,5.82231,,,
1540585555.1660428,3.97525,5.82231,0,0,0
1540585555.2767808,3.97495,5.82231,,,
1540585555.3596897,3.97495,5.82283,,,
1540585555.4741282,3.97495,5.82283,,,
1540585555.5664089,3.97456,5.82283,,,
1540585555.6682162,3.97456,5.82359,,,
1540585555.7595448,3.97456,5.82359,,,
1540585555.859689,3.97456,5.82359,,,
1540585555.959774,3.97418,5.82411,,,
1540585556.079641,3.97418,5.82411,,,
1540585556.1635487,3.97418,5.82411,0,0,0
1540585556.2713797,3.9738,5.82411,,,
1540585556.3684368,3.9738,5.82437,,,
1540585556.4701278,3.9738,5.82437,,,
1540585556.559544,3.9738,5.82437,,,
1540585556.6595702,3.97342,5.82489,,,
1540585556.760146,3.97342,5.82489,,,
1540585556.8714182,3.97342,5.82489,,,
1540585556.9616895,3.97313,5.82539,,,
1540585557.067236,3.97313,5.82539,,,
1540585557.1726568,3.97313,5.82539,0,0,0
1540585557.2691581,3.97275,5.82539,,,
1540585557.3776054,3.97275,5.82617,,,
1540585557.4610283,3.97275,5.82617,,,
1540585557.5624034,3.97275,5.82617,,,
1540585557.6607647,3.97237,5.82669,,,
1540585557.7690406,3.97237,5.82669,,,
1540585557.866822,3.97237,5.82669,,,
1540585557.9848502,3.97198,5.82719,,,
1540585558.0782087,3.97198,5.82719,,,
1540585558.186767,3.97198,5.82719,0,0,0
1540585558.268043,3.9716,5.82719,,,
1540585558.361981,3.9716,5.82745,,,
1540585558.4622676,3.9716,5.82745,,,
1540585558.574894,3.9716,5.82745,,,
1540585558.6632755,3.97131,5.82797,,,
1540585558.762408,3.97131,5.82797,,,
1540585558.8868372,3.97131,5.82797,,,
1540585558.9837623,3.97093,5.82849,,,
1540585559.0813825,3.97093,5.82849,,,
1540585559.164516,3.97093,5.82849,0,0,0
1540585559.2645154,3.97063,5.82849,,,
1540585559.3646903,3.97063,5.82899,,,
1540585559.469132,3.97063,5.82899,,,
1540585559.5648913,3.97063,5.82899,,,
1540585559.6650097,3.97025,5.82977,,,
1540585559.783908,3.97025,5.82977,,,
1540585559.886675,3.97025,5.82977,,,
1540585559.9667575,3.96994,5.83029,,,
1540585560.064508,3.96994,5.83029,,,
1540585560.1657662,3.96994,5.83029,0,0,0
1540585560.276025,3.96956,5.83029,,,
1540585560.3661273,3.96956,5.8308,,,
1540585560.4661374,3.96956,5.8308,,,
1540585560.5882506,3.96956,5.8308,,,
1540585560.6766615,3.96927,5.83157,,,
1540585560.7666352,3.96927,5.83157,,,
1540585560.8671703,3.96927,5.83157,,,
1540585560.9668818,3.96889,5.83209,,,
1540585561.0769866,3.96889,5.83209,,,
1540585561.18474,3.96889,5.83209,0,0,0
1540585561.266374,3.96858,5.83209,,,
1540585561.3893638,3.96858,5.8326,,,
1540585561.4677682,3.96858,5.8326,,,
1540585561.5743866,3.96858,5.8326,,,
1540585561.667981,3.96828,5.8326,,,
1540585561.7681658,3.96828,5.8326,,,
1540585561.8680522,3.96828,5.8326,,,
1540585561.989513,3.9679,5.83311,,,
1540585562.0746636,3.9679,5.83311,,,
1540585562.1907268,3.9679,5.83311,0,0,0
1540585562.2684662,3.96761,5.83311,,,
1540585562.3865957,3.96761,5.83363,,,
1540585562.4929824,3.96761,5.83363,,,
1540585562.5693617,3.96761,5.83363,,,
1540585562.6692598,3.9673,5.8344,,,
1540585562.776878,3.9673,5.8344,,,
1540585562.88661,3.9673,5.8344,,,
1540585562.9921775,3.96692,5.8344,,,
1540585563.0688503,3.96692,5.83466,,,
1540585563.1706057,3.96692,5.83466,0,0,0
1540585563.2786252,3.96661,5.83466,,,
1540585563.3692324,3.96661,5.83492,,,
1540585563.4737267,3.96661,5.83492,,,
1540585563.5721707,3.96661,5.83492,,,
1540585563.6916854,3.96631,5.83543,,,
1540585563.8114753,3.96631,5.83543,,,
1540585563.874604,3.96631,5.83543,,,
1540585563.970714,3.966,5.83543,,,
1540585564.0868788,3.966,5.83595,,,
1540585564.1721013,3.966,5.83595,0,0,0
1540585564.2709632,3.96571,5.83595,,,
1540585564.3713539,3.96571,5.83646,,,
1540585564.4809947,3.96571,5.83646,,,
1540585564.6013927,3.96571,5.83646,,,
1540585564.6794822,3.96533,5.83698,,,
1540585564.77159,3.96533,5.83698,,,
1540585564.8808725,3.96533,5.83698,,,
1540585564.988973,3.96503,5.83698,,,
1540585565.0731084,3.96503,5.83749,,,
1540585565.172857,3.96503,5.83749,0,0,0
1540585565.2713375,3.96503,5.83749,,,
1540585565.3927946,3.9648,5.83775,,,
1540585565.4845736,3.9648,5.83775,,,
1540585565.5723374,3.9648,5.83775,,,
1540585565.6722121,3.96449,5.838,,,
1540585565.7905762,3.96449,5.838,,,
1540585565.8747294,3.96449,5.838,,,
1540585565.9739785,3.96411,5.838,,,
1540585566.0723574,3.96411,5.83878,,,
1540585566.1960566,3.96411,5.83878,0,0,0
1540585566.2878342,3.96381,5.83878,,,
1540585566.3729706,3.96381,5.83904,,,
1540585566.474587,3.96381,5.83904,,,
1540585566.5747237,3.96381,5.83904,,,
1540585566.678958,3.96352,5.8398,,,
1540585566.7750928,3.96352,5.8398,,,
1540585566.8740633,3.96352,5.8398,,,
1540585566.9802227,3.96329,5.8398,,,
1540585567.1107864,3.96329,5.84006,,,
1540585567.198238,3.96329,5.84006,0,0,0
1540585567.278264,3.96329,5.84006,,,
1540585567.378274,3.96291,5.84058,,,
1540585567.482077,3.96291,5.84058,,,
1540585567.59381,3.96291,5.84058,,,
1540585567.6764019,3.96268,5.84084,,,
1540585567.7769947,3.96268,5.84084,,,
1540585567.8821583,3.96268,5.84084,,,
1540585567.9957855,3.96237,5.84084,,,
1540585568.0782604,3.96237,5.84109,,,
1540585568.1773381,3.96237,5.84109,0,0,0
1540585568.2788718,3.96237,5.84109,,,
1540585568.3805952,3.96207,5.84186,,,
1540585568.478144,3.96207,5.84186,,,
1540585568.5785792,3.96207,5.84186,,,
1540585568.6788254,3.96178,5.84264,,,
1540585568.8143454,3.96178,5.84264,,,
1540585568.9009566,3.96178,5.84264,,,
1540585568.9794672,3.96147,5.84264,,,
1540585569.0794733,3.96147,5.8429,,,
1540585569.179464,3.96147,5.8429,0,0,0
1540585569.2880683,3.96147,5.8429,,,
1540585569.3804693,3.96117,5.84315,,,
1540585569.4786093,3.96117,5.84315,,,
1540585569.5787191,3.96117,5.84315,,,
1540585569.7153301,3.96086,5.84366,,,
1540585569.8082707,3.96086,5.84366,,,
1540585569.8838418,3.96086,5.84366,,,
1540585569.9811013,3.96063,5.84366,,,
1540585570.0918944,3.96063,5.84418,,,
1540585570.1826446,3.96063,5.84418,0,0,0
1540585570.281675,3.96063,5.84418,,,
1540585570.3812287,3.96033,5.8447,,,
1540585570.511782,3.96033,5.8447,,,
1540585570.600795,3.96033,5.8447,,,
1540585570.6816478,3.96002,5.84496,,,
1540585570.781474,3.96002,5.84496,,,
1540585570.8824751,3.96002,5.84496,,,
1540585570.9907084,3.95981,5.84496,,,
1540585571.0827792,3.95981,5.84496,,,
1540585571.1825728,3.95981,5.84496,0,0,0
1540585571.3070672,3.95981,5.84496,,,
1540585571.385362,3.9595,5.84546,,,
1540585571.4843047,3.9595,5.84546,,,
1540585571.5843306,3.9595,5.84546,,,
1540585571.6832998,3.9592,5.84598,,,
1540585571.7982013,3.9592,5.84598,,,
1540585571.8843193,3.9592,5.84598,,,
1540585571.983671,3.95897,5.84598,,,
1540585572.1088576,3.95897,5.84624,,,
1540585572.1917865,3.95897,5.84624,0,0,0
1540585572.3010046,3.95897,5.84624,,,
1540585572.3857534,3.95866,5.847,,,
1540585572.4840982,3.95866,5.847,,,
1540585572.5846655,3.95866,5.847,,,
1540585572.6907084,3.95836,5.84726,,,
1540585572.7847128,3.95836,5.84726,,,
1540585572.9106407,3.95836,5.84726,,,
1540585572.9871712,3.95813,5.84726,,,
1540585573.1064065,3.95813,5.84778,,,
1540585573.1882193,3.95813,5.84778,0,0,0
1540585573.2865436,3.95813,5.84778,,,
1540585573.3855493,3.95784,5.84804,,,
1540585573.4959288,3.95784,5.84804,,,
1540585573.584268,3.95784,5.84804,,,
1540585573.7030044,3.95761,5.84804,,,
1540585573.7891762,3.95761,5.8483,,,
1540585573.8905325,3.95761,5.8483,,,
1540585574.0031412,3.95731,5.8483,,,
1540585574.0870435,3.95731,5.84856,,,
1540585574.186783,3.95731,5.84856,0,0,0
1540585574.2869103,3.95731,5.84856,,,
1540585574.394804,3.95708,5.84906,,,
1540585574.5021093,3.95708,5.84906,,,
1540585574.5935357,3.95708,5.84906,,,
1540585574.6864092,3.95677,5.84906,,,
1540585574.8065274,3.95677,5.84958,,,
1540585574.887602,3.95677,5.84958,,,
1540585574.987946,3.95654,5.84958,,,
1540585575.088094,3.95654,5.8501,,,
1540585575.196527,3.95654,5.8501,0,0,0
1540585575.3132284,3.95654,5.8501,,,
1540585575.3980932,3.95631,5.85036,,,
1540585575.487942,3.95631,5.85036,,,
1540585575.590549,3.95631,5.85036,,,
1540585575.697818,3.95602,5.85036,,,
1540585575.7877605,3.95602,5.85086,,,
1540585575.8894,3.95602,5.85086,,,
1540585575.988249,3.95602,5.85086,,,
1540585576.1039822,3.9558,5.85112,,,
1540585576.1992712,3.9558,5.85112,0,0,0
1540585576.2894008,3.9558,5.85112,,,
1540585576.3886688,3.95549,5.85112,,,
1540585576.5066435,3.95549,5.85112,,,
1540585576.5894108,3.95549,5.85112,,,
1540585576.6892514,3.95526,5.85112,,,
1540585576.7891147,3.95526,5.85164,,,
1540585576.9048574,3.95526,5.85164,,,
1540585577.0035083,3.95503,5.85164,,,
1540585577.0896368,3.95503,5.85216,,,
1540585577.19055,3.95503,5.85216,0,0,0
1540585577.2904942,3.95503,5.85216,,,
1540585577.3963666,3.95473,5.8524,,,
1540585577.491649,3.95473,5.8524,,,
1540585577.5907378,3.95473,5.8524,,,
1540585577.6940966,3.9545,5.8524,,,
1540585577.8258357,3.9545,5.85318,,,
1540585577.912981,3.9545,5.85318,,,
1540585577.9911313,3.9545,5.85318,,,
1540585578.0924845,3.95427,5.85318,,,
1540585578.196359,3.95427,5.85318,0,0,0
1540585578.3089905,3.95427,5.85318,,,
1540585578.392902,3.95398,5.85396,,,
1540585578.4928734,3.95398,5.85396,,,
1540585578.5923734,3.95398,5.85396,,,
1540585578.7117412,3.95375,5.85396,,,
1540585578.7918699,3.95375,5.8542,,,
1540585578.8931212,3.95375,5.8542,,,
1540585578.9929993,3.95375,5.8542,,,
1540585579.1167476,3.95352,5.85446,,,
1540585579.1950002,3.95352,5.85446,0,0,0
1540585579.2942457,3.95352,5.85446,,,
1540585579.3944857,3.95329,5.85524,,,
1540585579.5238636,3.95329,5.85524,,,
1540585579.6142538,3.95329,5.85524,,,
1540585579.6937382,3.95299,5.85524,,,
1540585579.7937407,3.95299,5.8555,,,
1540585579.896732,3.95299,5.8555,,,
1540585580.0039952,3.95299,5.8555,,,
1540585580.095437,3.95276,5.856,,,
1540585580.1943521,3.95276,5.856,0,0,0
1540585580.3196647,3.95276,5.856,,,
1540585580.4162426,3.95253,5.85626,,,
1540585580.4982376,3.95253,5.85626,,,
1540585580.5970151,3.95253,5.85626,,,
1540585580.6969156,3.9523,5.85626,,,
1540585580.808118,3.9523,5.85626,,,
1540585580.9194791,3.9523,5.85626,,,
1540585580.99843,3.9523,5.85626,,,
1540585581.1204803,3.95209,5.85652,,,
1540585581.2010093,3.95209,5.85652,0,0,0
1540585581.3134973,3.95209,5.85652,,,
1540585581.3977537,3.95186,5.85704,,,
1540585581.497863,3.95186,5.85704,,,
1540585581.5978642,3.95186,5.85704,,,
1540585581.7063606,3.95163,5.85704,,,
1540585581.7967625,3.95163,5.8573,,,
1540585581.9243424,3.95163,5.8573,,,
1540585581.9994433,3.95163,5.8573,,,
1540585582.1164703,3.9514,5.8578,,,
1540585582.1993678,3.9514,5.8578,0,0,0
1540585582.2983828,3.9514,5.8578,,,
1540585582.3982382,3.9511,5.85806,,,
1540585582.5073552,3.9511,5.85806,,,
1540585582.6156206,3.9511,5.85806,,,
1540585582.7221866,3.95087,5.85806,,,
1540585582.8000014,3.95087,5.85858,,,
1540585582.9003754,3.95087,5.85858,,,
1540585583.0064633,3.95087,5.85858,,,
1540585583.101712,3.95064,5.85884,,,
1540585583.2007167,3.95064,5.85884,0,0,0
1540585583.3010995,3.95064,5.85884,,,
1540585583.4180212,3.95041,5.85936,,,
1540585583.533813,3.95041,5.85936,,,
1540585583.6077123,3.95041,5.85936,,,
1540585583.7015045,3.9502,5.85936,,,
1540585583.806495,3.9502,5.85936,,,
1540585583.9185703,3.9502,5.85936,,,
1540585584.0015905,3.9502,5.85936,,,
1540585584.1019886,3.94997,5.8596,,,
1540585584.2022433,3.94997,5.8596,0,0,0
1540585584.3272748,3.94997,5.8596,,,
1540585584.414243,3.94974,5.86012,,,
1540585584.5091004,3.94974,5.86012,,,
1540585584.6093605,3.94974,5.86012,,,
1540585584.722348,3.94951,5.86012,,,
1540585584.809854,3.94951,5.86038,,,
1540585584.9112113,3.94951,5.86038,,,
1540585585.0107172,3.94951,5.86038,,,
1540585585.1377635,3.94928,5.86064,,,
1540585585.2286968,3.94928,5.86064,0,0,0
1540585585.3107936,3.94928,5.86064,,,
1540585585.4111059,3.94905,5.86116,,,
1540585585.511196,3.94905,5.86116,,,
1540585585.6204395,3.94905,5.86116,,,
1540585585.7109263,3.94882,5.86116,,,
1540585585.8107972,3.94882,5.8614,,,
1540585585.9309435,3.94882,5.8614,,,
1540585586.0308259,3.94882,5.8614,,,
1540585586.1145918,3.94867,5.8614,,,
1540585586.2128055,3.94867,5.8614,0,0,0
1540585586.3142061,3.94867,5.8614,,,
1540585586.4214802,3.94844,5.86166,,,
1540585586.5305655,3.94844,5.86166,,,
1540585586.6148314,3.94844,5.86166,,,
1540585586.7297149,3.94823,5.86166,,,
1540585586.8232207,3.94823,5.86218,,,
1540585586.9218545,3.94823,5.86218,,,
1540585587.0148335,3.94823,5.86218,,,
1540585587.1142073,3.948,5.86244,,,
1540585587.2154744,3.948,5.86244,0,0,0
1540585587.33696,3.948,5.86244,,,
1540585587.4183495,3.94777,5.86244,,,
1540585587.5263624,3.94777,5.86296,,,
1540585587.625451,3.94777,5.86296,,,
1540585587.7279868,3.94754,5.86296,,,
1540585587.8164315,3.94754,5.8632,,,
1540585587.9162056,3.94754,5.8632,,,
1540585588.0165787,3.94754,5.8632,,,
1540585588.1228073,3.94731,5.86372,,,
1540585588.2343078,3.94731,5.86372,0,0,0
1540585588.3215394,3.94731,5.86372,,,
1540585588.4287932,3.94716,5.86372,,,
1540585588.5172086,3.94716,5.86398,,,
1540585588.6264124,3.94716,5.86398,,,
1540585588.7178113,3.94693,5.86398,,,
1540585588.816328,3.94693,5.86424,,,
1540585588.9162962,3.94693,5.86424,,,
1540585589.0205534,3.94693,5.86424,,,
1540585589.1226587,3.9467,5.8645,,,
1540585589.2351828,3.9467,5.8645,0,0,0
1540585589.3184576,3.9467,5.8645,,,
1540585589.4323995,3.94649,5.8645,,,
1540585589.5422773,3.94649,5.8645,,,
1540585589.6195576,3.94649,5.8645,,,
1540585589.719314,3.94633,5.8645,,,
1540585589.8214467,3.94633,5.86476,,,
1540585589.9335325,3.94633,5.86476,,,
1540585590.040842,3.94633,5.86476,,,
1540585590.1205595,3.94611,5.86526,,,
1540585590.2210772,3.94611,5.86526,0,0,0
1540585590.3413267,3.94611,5.86526,,,
1540585590.4245663,3.94588,5.86526,,,
1540585590.522468,3.94588,5.86604,,,
1540585590.621075,3.94588,5.86604,,,
1540585590.731709,3.94565,5.86604,,,
1540585590.8445356,3.94565,5.8663,,,
1540585590.9236999,3.94565,5.8663,,,
1540585591.0235467,3.94565,5.8663,,,
1540585591.1235578,3.94542,5.86656,,,
1540585591.2311783,3.94542,5.86656,0,0,0
1540585591.3235528,3.94542,5.86656,,,
1540585591.4235477,3.94527,5.86656,,,
1540585591.5237744,3.94527,5.86656,,,
1540585591.6635544,3.94527,5.86656,,,
1540585591.7303147,3.94504,5.86656,,,
1540585591.824287,3.94504,5.86682,,,
1540585591.9244173,3.94504,5.86682,,,
1540585592.0386815,3.94504,5.86682,,,
1540585592.1246424,3.94481,5.86732,,,
1540585592.2247784,3.94481,5.86732,0,0,0
1540585592.3248842,3.94481,5.86732,,,
1540585592.4524994,3.94466,5.86732,,,
1540585592.539042,3.94466,5.86758,,,
1540585592.6241596,3.94466,5.86758,,,
1540585592.7258992,3.94466,5.86758,,,
1540585592.8256893,3.94444,5.86784,,,
1540585592.931165,3.94444,5.86784,,,
1540585593.0271356,3.94444,5.86784,,,
1540585593.126016,3.94421,5.86836,,,
1540585593.2477987,3.94421,5.86836,0,0,0
1540585593.3414032,3.94421,5.86836,,,
1540585593.4490364,3.94406,5.86836,,,
1540585593.526741,3.94406,5.86862,,,
1540585593.6267488,3.94406,5.86862,,,
1540585593.7316232,3.94406,5.86862,,,
1540585593.844658,3.94383,5.86887,,,
1540585593.9271154,3.94383,5.86887,,,
1540585594.0487678,3.94383,5.86887,,,
1540585594.1291063,3.9436,5.86938,,,
1540585594.2362573,3.9436,5.86938,0,0,0
1540585594.327359,3.9436,5.86938,,,
1540585594.4264781,3.94345,5.86938,,,
1540585594.5264797,3.94345,5.86964,,,
1540585594.646904,3.94345,5.86964,,,
1540585594.7294748,3.94345,5.86964,,,
1540585594.8458545,3.94322,5.86964,,,
1540585594.9307282,3.94322,5.86964,,,
1540585595.0433574,3.94322,5.86964,,,
1540585595.1536434,3.94307,5.8699,,,
1540585595.2285898,3.94307,5.8699,0,0,0
1540585595.3290145,3.94307,5.8699,,,
1540585595.4307363,3.94284,5.8699,,,
1540585595.5459993,3.94284,5.87016,,,
1540585595.6439528,3.94284,5.87016,,,
1540585595.735639,3.94284,5.87016,,,
1540585595.8323736,3.94269,5.87042,,,
1540585595.9460008,3.94269,5.87042,,,
1540585596.0285995,3.94269,5.87042,,,
1540585596.129008,3.94247,5.87067,,,
1540585596.2290053,3.94247,5.87067,0,0,0
1540585596.3367364,3.94247,5.87067,,,
1540585596.4405177,3.94232,5.87067,,,
1540585596.5373669,3.94232,5.87119,,,
1540585596.629386,3.94232,5.87119,,,
1540585596.7471218,3.94232,5.87119,,,
1540585596.8301003,3.94209,5.87144,,,
1540585596.9298387,3.94209,5.87144,,,
1540585597.0307233,3.94209,5.87144,,,
1540585597.1381838,3.94194,5.8717,,,
1540585597.2562733,3.94194,5.8717,0,0,0
1540585597.3432586,3.94194,5.8717,,,
1540585597.43061,3.94171,5.8717,,,
1540585597.5305955,3.94171,5.87196,,,
1540585597.6377249,3.94171,5.87196,,,
1540585597.731392,3.94171,5.87196,,,
1540585597.8323634,3.94156,5.87247,,,
1540585597.9323404,3.94156,5.87247,,,
1540585598.060602,3.94156,5.87247,,,
1540585598.1584623,3.94133,5.87247,0,0,0
1540585598.23473,3.94133,5.87273,,,
1540585598.3318403,3.94133,5.87273,,,
1540585598.4423661,3.94118,5.87273,,,
1540585598.5332413,3.94118,5.87273,,,
1540585598.6332223,3.94118,5.87273,,,
1540585598.7332337,3.94118,5.87273,,,
1540585598.849578,3.94102,5.87273,,,
1540585598.9489865,3.94102,5.87273,,,
1540585599.0335975,3.94102,5.87273,,,
1540585599.134115,3.9408,5.87273,,,
1540585599.2342408,3.9408,5.87299,0,0,0
1540585599.341838,3.9408,5.87299,,,
1540585599.4345877,3.94066,5.87299,,,
1540585599.5345945,3.94066,5.8735,,,
1540585599.6348379,3.94066,5.8735,,,
1540585599.7770288,3.94043,5.8735,,,
1540585599.867105,3.94043,5.87376,,,
1540585599.9392056,3.94043,5.87376,,,
1540585600.0347347,3.94043,5.87376,,,
1540585600.1493502,3.94028,5.87402,,,
1540585600.2590735,3.94028,5.87402,0,0,0
1540585600.3372278,3.94028,5.87402,,,
1540585600.4360795,3.94005,5.87402,,,
1540585600.541733,3.94005,5.87427,,,
1540585600.655063,3.94005,5.87427,,,
1540585600.7360823,3.94005,5.87427,,,
1540585600.8370957,3.9399,5.87479,,,
1540585600.9372137,3.9399,5.87479,,,
1540585601.0409887,3.9399,5.87479,,,
1540585601.1378949,3.93974,5.87479,,,
1540585601.2377634,3.93974,5.87505,0,0,0
1540585601.3377092,3.93974,5.87505,,,
1540585601.472138,3.93959,5.87505,,,
1540585601.5693371,3.93959,5.87505,,,
1540585601.639625,3.93959,5.87505,,,
1540585601.7395124,3.93959,5.87505,,,
1540585601.8508146,3.93936,5.87531,,,
1540585601.9555268,3.93936,5.87531,,,
1540585602.0439715,3.93936,5.87531,,,
1540585602.144392,3.93921,5.87531,,,
1540585602.2468638,3.93921,5.87556,0,0,0
1540585602.373098,3.93921,5.87556,,,
1540585602.444149,3.93921,5.87556,,,
1540585602.543509,3.93906,5.87582,,,
1540585602.6441734,3.93906,5.87582,,,
1540585602.7428846,3.93906,5.87582,,,
1540585602.8389957,3.93883,5.87582,,,
1540585602.9405887,3.93883,5.87582,,,
1540585603.0397937,3.93883,5.87582,,,
1540585603.1760783,3.93869,5.87582,,,
1540585603.2645962,3.93869,5.87607,0,0,0
1540585603.340565,3.93869,5.87607,,,
1540585603.4390538,3.93869,5.87607,,,
1540585603.548027,3.93854,5.87659,,,
1540585603.6567914,3.93854,5.87659,,,
1540585603.739345,3.93854,5.87659,,,
1540585603.8390458,3.93831,5.87711,,,
1540585603.962521,3.93831,5.87711,,,
1540585604.047077,3.93831,5.87711,,,
1540585604.1392941,3.93816,5.87711,,,
1540585604.2395518,3.93816,5.87762,0,0,0
1540585604.3400512,3.93816,5.87762,,,
1540585604.4611704,3.938,5.87762,,,
1540585604.545454,3.938,5.87787,,,
1540585604.6404302,3.938,5.87787,,,
1540585604.7625427,3.938,5.87787,,,
1540585604.8531945,3.93785,5.87787,,,
1540585604.94183,3.93785,5.87787,,,
1540585605.0407906,3.93785,5.87787,,,
1540585605.1410465,3.93762,5.87787,,,
1540585605.2475674,3.93762,5.87787,0,0,0
1540585605.358522,3.93762,5.87787,,,
1540585605.440923,3.93762,5.87787,,,
1540585605.5594485,3.93747,5.87813,,,
1540585605.6477008,3.93747,5.87813,,,
1540585605.7518284,3.93747,5.87813,,,
1540585605.8434248,3.93732,5.87839,,,
1540585605.9431927,3.93732,5.87839,,,
1540585606.041795,3.93732,5.87839,,,
1540585606.1625576,3.93716,5.87839,,,
1540585606.2461736,3.93716,5.87865,0,0,0
1540585606.3573716,3.93716,5.87865,,,
1540585606.450565,3.93716,5.87865,,,
1540585606.5540166,3.93701,5.87891,,,
1540585606.6442928,3.93701,5.87891,,,
1540585606.744166,3.93701,5.87891,,,
1540585606.8444245,3.93687,5.87917,,,
1540585606.9553971,3.93687,5.87917,,,
1540585607.0608993,3.93687,5.87917,,,
1540585607.1542556,3.93665,5.87917,0,0,0
1540585607.253368,3.93665,5.87943,,,
1540585607.3461807,3.93665,5.87943,,,
1540585607.4549017,3.93665,5.87943,,,
1540585607.5451663,3.93649,5.87993,,,
1540585607.6452918,3.93649,5.87993,,,
1540585607.7452972,3.93649,5.87993,,,
1540585607.850802,3.93634,5.88019,,,
1540585607.951741,3.93634,5.88019,,,
1540585608.056251,3.93634,5.88019,,,
1540585608.1460326,3.93619,5.88019,0,0,0
1540585608.263656,3.93619,5.88045,,,
1540585608.3474617,3.93619,5.88045,,,
1540585608.4461613,3.93619,5.88045,,,
1540585608.546661,3.93604,5.88071,,,
1540585608.6552663,3.93604,5.88071,,,
1540585608.7717383,3.93604,5.88071,,,
1540585608.8603084,3.93581,5.88071,,,
1540585608.9472795,3.93581,5.88097,,,
1540585609.055514,3.93581,5.88097,,,
1540585609.165044,3.93565,5.88097,0,0,0
1540585609.2479286,3.93565,5.88097,,,
1540585609.3462842,3.93565,5.88097,,,
1540585609.4487453,3.93565,5.88097,,,
1540585609.5601368,3.9355,5.88097,,,
1540585609.664034,3.9355,5.88097,,,
1540585609.7481403,3.9355,5.88097,,,
1540585609.8483016,3.93535,5.88097,,,
1540585609.9682462,3.93535,5.88097,,,
1540585610.051853,3.93535,5.88097,,,
1540585610.1485438,3.9352,5.88097,,,
1540585610.2477736,3.9352,5.88147,0,0,0
1540585610.3629675,3.9352,5.88147,,,
1540585610.4697597,3.9352,5.88147,,,
1540585610.548734,3.93504,5.88173,,,
1540585610.6480322,3.93504,5.88173,,,
1540585610.7489958,3.93504,5.88173,,,
1540585610.8582466,3.93491,5.88173,,,
1540585610.9483669,3.93491,5.88199,,,
1540585611.0482545,3.93491,5.88199,,,
1540585611.1482434,3.93491,5.88199,,,
1540585611.291456,3.93475,5.88199,0,0,0
1540585611.384007,3.93475,5.88199,,,
1540585611.451016,3.93475,5.88199,,,
1540585611.5489783,3.9346,5.88251,,,
1540585611.6633763,3.9346,5.88251,,,
1540585611.7490149,3.9346,5.88251,,,
1540585611.848997,3.93445,5.88251,,,
1540585611.9494903,3.93445,5.88303,,,
1540585612.058233,3.93445,5.88303,,,
1540585612.17244,3.9343,5.88303,0,0,0
1540585612.2502742,3.9343,5.88303,,,
1540585612.3503604,3.9343,5.88303,,,
1540585612.449979,3.9343,5.88303,,,
1540585612.5570025,3.93414,5.88327,,,
1540585612.6511095,3.93414,5.88327,,,
1540585612.7506003,3.93414,5.88327,,,
1540585612.8521407,3.93399,5.88327,,,
1540585612.990276,3.93399,5.88353,,,
1540585613.0573475,3.93399,5.88353,,,
1540585613.1544528,3.93399,5.88353,0,0,0
1540585613.255477,3.93384,5.88379,,,
1540585613.3676794,3.93384,5.88379,,,
1540585613.4758477,3.93384,5.88379,,,
1540585613.5542145,3.93369,5.88379,,,
1540585613.6559954,3.93369,5.88379,,,
1540585613.7804682,3.93369,5.88379,,,
1540585613.8723874,3.93353,5.88379,,,
1540585613.9552052,3.93353,5.88405,,,
1540585614.0537953,3.93353,5.88405,,,
1540585614.1542633,3.93353,5.88405,,,
1540585614.2632976,3.93338,5.88405,0,0,0
1540585614.3548634,3.93338,5.88405,,,
1540585614.4545524,3.93338,5.88405,,,
1540585614.5548494,3.93323,5.88431,,,
1540585614.657739,3.93323,5.88431,,,
1540585614.7560775,3.93323,5.88431,,,
1540585614.855096,3.93307,5.88431,,,
1540585614.9554443,3.93307,5.88457,,,
1540585615.0689354,3.93307,5.88457,,,
1540585615.2508135,3.92195,6.57187,,,
1540585615.3993204,3.92195,6.57187,,,
1540585615.5477016,3.87608,8.55124,,,
1540585615.7028916,3.87608,8.55124,,,
1540585615.8554626,3.87427,8.55124,,,
1540585616.0035834,3.87427,8.55536,,,
1540585616.1765225,3.87427,8.55536,,,
1540585616.3268301,3.87306,8.55742,,,
1540585616.4845161,3.87306,8.55742,,,
1540585616.6344624,3.87207,8.55972,,,
1540585616.710239,3.87207,8.55972,0,0,0
1540585616.8038595,3.87207,8.55972,0,0,0
1540585616.9037166,3.90038,7.00299,,,
1540585617.0453074,3.90038,7.00299,,,
1540585617.1070998,3.90038,7.00299,,,
1540585617.2025778,3.92793,7.00299,0,0,0
1540585617.3036113,3.92793,5.89253,,,
1540585617.415111,3.92793,5.89253,,,
1540585617.5036085,3.92793,5.89253,,,
1540585617.6039546,3.92862,5.89151,,,
1540585617.7032359,3.92862,5.89151,,,
1540585617.827874,3.92862,5.89151,,,
1540585617.9161766,3.929,5.89099,,,
1540585618.0038476,3.929,5.89099,,,
1540585618.105106,3.929,5.89099,,,
1540585618.2047205,3.92915,5.89099,0,0,0
1540585618.3128095,3.92915,5.89073,,,
1540585618.4053376,3.92915,5.89073,,,
1540585618.5053446,3.92915,5.89073,,,
1540585618.6246707,3.92929,5.89047,,,
1540585618.7293417,3.92929,5.89047,,,
1540585618.8062112,3.92929,5.89047,,,
1540585618.9061966,3.92929,5.89023,,,
1540585619.0063543,3.92929,5.89023,,,
1540585619.118924,3.92929,5.89023,,,
1540585619.2300997,3.92929,5.89023,0,0,0
1540585619.307806,3.92929,5.89023,,,
1540585619.4217525,3.92929,5.89023,,,
1540585619.517088,3.92929,5.89023,,,
1540585619.6233118,3.92929,5.89023,,,
1540585619.7062035,3.92929,5.89023,,,
1540585619.8062,3.92929,5.89023,,,
1540585619.9062095,3.92929,5.89047,,,
1540585620.0129344,3.92929,5.89047,,,
1540585620.1079476,3.92929,5.89047,,,
1540585620.2216494,3.92921,5.89047,0,0,0
1540585620.3154101,3.92921,5.89073,,,
1540585620.4244425,3.92921,5.89073,,,
1540585620.5319188,3.92915,5.89073,,,
1540585620.6090684,3.92915,5.89073,,,
1540585620.7069407,3.92915,5.89073,,,
1540585620.8128176,3.92915,5.89073,,,
1540585620.926081,3.92908,5.89099,,,
1540585621.0214624,3.92908,5.89099,,,
1540585621.1167967,3.92908,5.89099,,,
1540585621.2140768,3.929,5.89099,0,0,0
1540585621.3267076,3.929,5.89125,,,
1540585621.4093134,3.929,5.89125,,,
1540585621.5092177,3.929,5.89125,,,
1540585621.608169,3.92892,5.89125,,,
1540585621.717643,3.92892,5.89125,,,
1540585621.8140087,3.92892,5.89125,,,
1540585621.9212945,3.92885,5.89125,,,
1540585622.0088134,3.92885,5.89125,,,
1540585622.1127918,3.92885,5.89125,,,
1540585622.2091796,3.9287,5.89125,0,0,0
1540585622.3091931,3.9287,5.89151,,,
1540585622.4104161,3.9287,5.89151,,,
1540585622.525541,3.9287,5.89151,,,
1540585622.6131136,3.92862,5.89177,,,
1540585622.733385,3.92862,5.89177,,,
1540585622.8267732,3.92862,5.89177,,,
1540585622.9189343,3.92847,5.89203,,,
1540585623.02803,3.92847,5.89203,,,
1540585623.1105356,3.92847,5.89203,,,
1540585623.2104132,3.92839,5.89203,0,0,0
1540585623.3109176,3.92839,5.89203,,,
1540585623.4173074,3.92839,5.89203,,,
1540585623.5299313,3.92839,5.89203,,,
1540585623.6463137,3.92824,5.89227,,,
1540585623.729935,3.92824,5.89227,,,
1540585623.8324246,3.92824,5.89227,,,
1540585623.9411874,3.92816,5.89227,,,
1540585624.021051,3.92816,5.89227,,,
1540585624.1229444,3.92816,5.89227,,,
1540585624.228142,3.92801,5.89227,0,0,0
1540585624.335333,3.92801,5.89227,,,
1540585624.4257934,3.92801,5.89227,,,
1540585624.523549,3.92801,5.89227,,,
1540585624.6244369,3.92793,5.89227,,,
1540585624.7262948,3.92793,5.89227,,,
1540585624.821799,3.92793,5.89227,,,
1540585624.920219,3.92786,5.89227,,,
1540585625.0253224,3.92786,5.89253,,,
1540585625.1244392,3.92786,5.89253,,,
1540585625.2261727,3.9277,5.89253,0,0,0
1540585625.3227758,3.9277,5.89279,,,
1540585625.426293,3.9277,5.89279,,,
1540585625.5342972,3.9277,5.89279,,,
1540585625.6376889,3.92763,5.89279,,,
1540585625.7239022,3.92763,5.89279,,,
1540585625.8252923,3.92763,5.89279,,,
1540585625.9285166,3.92747,5.89279,,,
1540585626.03871,3.92747,5.89305,,,
1540585626.127695,3.92747,5.89305,,,
1540585626.2256424,3.92732,5.89305,0,0,0
1540585626.3264265,3.92732,5.89331,,,
1540585626.4262865,3.92732,5.89331,,,
1540585626.5284176,3.92732,5.89331,,,
1540585626.624363,3.92726,5.89357,,,
1540585626.7287686,3.92726,5.89357,,,
1540585626.84427,3.92726,5.89357,,,
1540585626.9454398,3.92711,5.89357,,,
1540585627.0280807,3.92711,5.89383,,,
1540585627.1302009,3.92711,5.89383,,,
1540585627.2352703,3.92696,5.89383,0,0,0
1540585627.3467336,3.92696,5.89383,,,
1540585627.431557,3.92696,5.89383,,,
1540585627.5270452,3.92696,5.89383,,,
1540585627.6336496,3.92688,5.89407,,,
1540585627.7411814,3.92688,5.89407,,,
1540585627.8293967,3.92688,5.89407,,,
1540585627.9250784,3.9268,5.89407,,,
1540585628.0274887,3.9268,5.89433,,,
1540585628.1302083,3.9268,5.89433,,,
1540585628.2303886,3.9268,5.89433,0,0,0
1540585628.3265467,3.92665,5.89459,,,
1540585628.4314847,3.92665,5.89459,,,
1540585628.5429752,3.92665,5.89459,,,
1540585628.6602445,3.9265,5.89459,,,
1540585628.7389429,3.9265,5.89459,,,
1540585628.83177,3.9265,5.89459,,,
1540585628.936129,3.92642,5.89459,,,
1540585629.0430849,3.92642,5.89485,,,
1540585629.132261,3.92642,5.89485,,,
1540585629.231735,3.92642,5.89485,0,0,0
1540585629.3386445,3.92627,5.89511,,,
1540585629.4367218,3.92627,5.89511,,,
1540585629.535324,3.92627,5.89511,,,
1540585629.6330175,3.92619,5.89537,,,
1540585629.736561,3.92619,5.89537,,,
1540585629.8360014,3.92619,5.89537,,,
1540585629.9589832,3.92604,5.89537,,,
1540585630.0415072,3.92604,5.89537,,,
1540585630.136773,3.92604,5.89537,,,
1540585630.246341,3.92596,5.89537,0,0,0
1540585630.3514707,3.92596,5.89537,,,
1540585630.438439,3.92596,5.89537,,,
1540585630.5362465,3.92596,5.89537,,,
1540585630.6427917,3.92581,5.89537,,,
1540585630.7476437,3.92581,5.89537,,,
1540585630.8415744,3.92581,5.89537,,,
1540585630.9361913,3.92566,5.89537,,,
1540585631.0441964,3.92566,5.89563,,,
1540585631.149728,3.92566,5.89563,,,
1540585631.2409348,3.92566,5.89563,0,0,0
1540585631.3380854,3.92558,5.89587,,,
1540585631.4359972,3.92558,5.89587,,,
1540585631.5423906,3.92558,5.89587,,,
1540585631.6381738,3.92543,5.89613,,,
1540585631.74021,3.92543,5.89613,,,
1540585631.8394125,3.92543,5.89613,,,
1540585631.9395695,3.92529,5.89613,,,
1540585632.0591202,3.92529,5.89639,,,
1540585632.1423554,3.92529,5.89639,0,0,0
1540585632.2393181,3.92529,5.89639,,,
1540585632.3473444,3.92522,5.89639,,,
1540585632.4520195,3.92522,5.89639,,,
1540585632.5437648,3.92522,5.89639,,,
1540585632.63808,3.92514,5.89639,,,
1540585632.7442706,3.92514,5.89639,,,
1540585632.843339,3.92514,5.89639,,,
1540585632.9406374,3.92499,5.89639,,,
1540585633.0345545,3.92499,5.89691,,,
1540585633.141159,3.92499,5.89691,,,
1540585633.2392325,3.92499,5.89691,0,0,0
1540585633.3394063,3.92484,5.89717,,,
1540585633.4358733,3.92484,5.89717,,,
1540585633.5413144,3.92484,5.89717,,,
1540585633.6484947,3.92476,5.89743,,,
1540585633.7575357,3.92476,5.89743,,,
1540585633.8445134,3.92476,5.89743,,,
1540585633.9408436,3.92461,5.89743,,,
1540585634.0467184,3.92461,5.89743,,,
1540585634.152501,3.92461,5.89743,,,
1540585634.2403378,3.92461,5.89743,0,0,0
1540585634.3405373,3.92453,5.89743,,,
1540585634.44689,3.92453,5.89743,,,
1540585634.5542445,3.92453,5.89743,,,
1540585634.642626,3.92438,5.89743,,,
1540585634.7402263,3.92438,5.89793,,,
1540585634.8472462,3.92438,5.89793,,,
1540585634.9545963,3.92422,5.89793,,,
1540585635.037332,3.92422,5.89819,,,
1540585635.1400874,3.92422,5.89819,,,
1540585635.2433562,3.92422,5.89819,0,0,0
1540585635.344356,3.92415,5.89819,,,
1540585635.4439719,3.92415,5.89819,,,
1540585635.542348,3.92415,5.89819,,,
1540585635.643197,3.924,5.89819,,,
1540585635.7673342,3.924,5.89819,,,
1540585635.873808,3.924,5.89819,,,
1540585635.9469519,3.92392,5.89819,,,
1540585636.0446591,3.92392,5.89819,,,
1540585636.1588264,3.92392,5.89819,,,
1540585636.263375,3.92392,5.89819,0,0,0
1540585636.34977,3.92377,5.89845,,,
1540585636.4457977,3.92377,5.89845,,,
1540585636.554879,3.92377,5.89845,,,
1540585636.6570148,3.92369,5.89845,,,
1540585636.7482293,3.92369,5.89845,,,
1540585636.8471231,3.92369,5.89845,,,
1540585636.9497547,3.92354,5.89845,,,
1540585637.0502007,3.92354,5.89871,,,
1540585637.150519,3.92354,5.89871,,,
1540585637.247519,3.92354,5.89871,0,0,0
1540585637.3481069,3.9234,5.89897,,,
1540585637.450884,3.9234,5.89897,,,
1540585637.5469806,3.9234,5.89897,,,
1540585637.6447437,3.92332,5.89897,,,
1540585637.7429552,3.92332,5.89923,,,
1540585637.856782,3.92332,5.89923,,,
1540585637.9638183,3.92317,5.89923,,,
1540585638.0442681,3.92317,5.89948,,,
1540585638.1482115,3.92317,5.89948,,,
1540585638.253547,3.92317,5.89948,0,0,0
1540585638.3582737,3.9231,5.89948,,,
1540585638.4478185,3.9231,5.89948,,,
1540585638.5478415,3.9231,5.89948,,,
1540585638.649205,3.92294,5.89948,,,
1540585638.7491083,3.92294,5.89973,,,
1540585638.8481581,3.92294,5.89973,,,
1540585638.9435956,3.92294,5.89973,,,
1540585639.0484102,3.92287,5.89999,,,
1540585639.1638846,3.92287,5.89999,,,
1540585639.2693315,3.92287,5.89999,0,0,0
1540585639.3464952,3.92271,5.90025,,,
1540585639.446468,3.92271,5.90025,,,
1540585639.5573578,3.92271,5.90025,,,
1540585639.6601832,3.92256,5.90025,,,
1540585639.7508416,3.92256,5.90077,,,
1540585639.8491824,3.92256,5.90077,,,
1540585639.949551,3.92256,5.90077,,,
1540585640.0509434,3.92249,5.90128,,,
1540585640.152259,3.92249,5.90128,,,
1540585640.2503767,3.92249,5.90128,0,0,0
1540585640.350805,3.92233,5.90154,,,
1540585640.4649272,3.92233,5.90154,,,
1540585640.5733323,3.92233,5.90154,,,
1540585640.647574,3.92218,5.90154,,,
1540585640.7488065,3.92218,5.90154,,,
1540585640.8625627,3.92218,5.90154,,,
1540585640.968838,3.9221,5.90154,,,
1540585641.055112,3.9221,5.90154,,,
1540585641.1504393,3.9221,5.90154,0,0,0
1540585641.2580018,3.9221,5.90154,,,
1540585641.359466,3.92195,5.90154,,,
1540585641.4618125,3.92195,5.90154,,,
1540585641.552957,3.92195,5.90154,,,
1540585641.6534297,3.92188,5.90154,,,
1540585641.7534106,3.92188,5.90154,,,
1540585641.8541565,3.92188,5.90154,,,
1540585641.953296,3.92188,5.90154,,,
1540585642.0529332,3.92172,5.90179,,,
1540585642.165533,3.92172,5.90179,,,
1540585642.272473,3.92172,5.90179,0,0,0
1540585642.3530707,3.92165,5.90205,,,
1540585642.4538052,3.92165,5.90205,,,
1540585642.563646,3.92165,5.90205,,,
1540585642.6689227,3.92149,5.90205,,,
1540585642.7512167,3.92149,5.90231,,,
1540585642.8535326,3.92149,5.90231,,,
1540585642.9579804,3.92149,5.90231,,,
1540585643.0576472,3.92143,5.90231,,,
1540585643.1557748,3.92143,5.90231,0,0,0
1540585643.2564456,3.92143,5.90231,,,
1540585643.3560605,3.92128,5.90257,,,
1540585643.4581945,3.92128,5.90257,,,
1540585643.555417,3.92128,5.90257,,,
1540585643.657726,3.92113,5.90257,,,
1540585643.7560432,3.92113,5.90283,,,
1540585643.87159,3.92113,5.90283,,,
1540585643.9752686,3.92105,5.90283,,,
1540585644.0546072,3.92105,5.90308,,,
1540585644.1551876,3.92105,5.90308,0,0,0
1540585644.2639596,3.92105,5.90308,,,
1540585644.3685238,3.9209,5.90334,,,
1540585644.4545727,3.9209,5.90334,,,
1540585644.5556784,3.9209,5.90334,,,
1540585644.659186,3.92082,5.90334,,,
1540585644.759925,3.92082,5.90334,,,
1540585644.8566227,3.92082,5.90334,,,
1540585644.963458,3.92082,5.90334,,,
1540585645.0603366,3.92067,5.90359,,,
1540585645.1834335,3.92067,5.90359,0,0,0
1540585645.2881532,3.92067,5.90359,,,
1540585645.3662333,3.92059,5.90385,,,
1540585645.4635599,3.92059,5.90385,,,
1540585645.575104,3.92059,5.90385,,,
1540585645.67854,3.92044,5.90385,,,
1540585645.7598853,3.92044,5.90411,,,
1540585645.859775,3.92044,5.90411,,,
1540585645.9702487,3.92044,5.90411,,,
1540585646.0720446,3.92036,5.90411,,,
1540585646.1623285,3.92036,5.90411,0,0,0
1540585646.2646682,3.92036,5.90411,,,
1540585646.3667834,3.92021,5.90411,,,
1540585646.4649546,3.92021,5.90437,,,
1540585646.560282,3.92021,5.90437,,,
1540585646.65893,3.92014,5.90437,,,
1540585646.7635365,3.92014,5.90463,,,
1540585646.8767612,3.92014,5.90463,,,
1540585646.9587927,3.92014,5.90463,,,
1540585647.0589771,3.91998,5.90463,,,
1540585647.1624062,3.91998,5.90463,0,0,0
1540585647.2666943,3.91998,5.90463,,,
1540585647.3747282,3.91991,5.90463,,,
1540585647.4612508,3.91991,5.90463,,,
1540585647.563283,3.91991,5.90463,,,
1540585647.6692657,3.91975,5.90463,,,
1540585647.774019,3.91975,5.90463,,,
1540585647.8583019,3.91975,5.90463,,,
1540585647.963371,3.91975,5.90463,,,
1540585648.0655203,3.91968,5.90463,,,
1540585648.1658802,3.91968,5.90463,0,0,0
1540585648.2619774,3.91968,5.90463,,,
1540585648.3629289,3.91954,5.90463,,,
1540585648.4678028,3.91954,5.90514,,,
1540585648.5805728,3.91954,5.90514,,,
1540585648.6652899,3.91946,5.90514,,,
1540585648.7659607,3.91946,5.9054,,,
1540585648.8666403,3.91946,5.9054,,,
1540585648.976233,3.91946,5.9054,,,
1540585649.0814037,3.91931,5.90565,,,
1540585649.1643553,3.91931,5.90565,0,0,0
1540585649.267316,3.91931,5.90565,,,
1540585649.3710632,3.91924,5.90565,,,
1540585649.4702654,3.91924,5.90565,,,
1540585649.5690053,3.91924,5.90565,,,
1540585649.668191,3.91908,5.90565,,,
1540585649.7673223,3.91908,5.90565,,,
1540585649.8681803,3.91908,5.90565,,,
1540585649.9673576,3.91908,5.90565,,,
1540585650.0650985,3.91893,5.90591,,,
1540585650.1682723,3.91893,5.90591,0,0,0
1540585650.2784123,3.91893,5.90591,,,
1540585650.3840642,3.91885,5.90591,,,
1540585650.4684372,3.91885,5.90643,,,
1540585650.568497,3.91885,5.90643,,,
1540585650.6728628,3.9187,5.90643,,,
1540585650.7782066,3.9187,5.90668,,,
1540585650.8671591,3.9187,5.90668,,,
1540585650.9702034,3.9187,5.90668,,,
1540585651.0760605,3.91855,5.90668,,,
1540585651.181934,3.91855,5.90668,0,0,0
1540585651.2702632,3.91855,5.90668,,,
1540585651.3713744,3.91847,5.90668,,,
1540585651.4734755,3.91847,5.90668,,,
1540585651.5800638,3.91847,5.90668,,,
1540585651.6651795,3.91847,5.90668,,,
1540585651.7658513,3.9184,5.90694,,,
1540585651.8740463,3.9184,5.90694,,,
1540585651.9728732,3.9184,5.90694,,,
1540585652.067531,3.91824,5.9072,,,
1540585652.168584,3.91824,5.9072,0,0,0
1540585652.2718577,3.91824,5.9072,,,
1540585652.3880596,3.91817,5.90746,,,
1540585652.4903808,3.91817,5.90746,,,
1540585652.572885,3.91817,5.90746,,,
1540585652.6709754,3.91817,5.90746,,,
1540585652.781482,3.91801,5.90771,,,
1540585652.8838873,3.91801,5.90771,,,
1540585652.969273,3.91801,5.90771,,,
1540585653.071251,3.91786,5.90746,,,
1540585653.1758716,3.91786,5.90746,0,0,0
1540585653.275106,3.91786,5.90746,,,
1540585653.3699744,3.91779,5.90746,,,
1540585653.4710522,3.91779,5.90771,,,
1540585653.5738318,3.91779,5.90771,,,
1540585653.6744797,3.91779,5.90771,,,
1540585653.7713478,3.91771,5.90771,,,
1540585653.8753283,3.91771,5.90771,,,
1540585653.975854,3.91771,5.90771,,,
1540585654.0903902,3.91757,5.90797,,,
1540585654.1904073,3.91757,5.90797,0,0,0
1540585654.2683556,3.91757,5.90797,,,
1540585654.3711565,3.9175,5.90797,,,
1540585654.4819112,3.9175,5.90797,,,
1540585654.5858243,3.9175,5.90797,,,
1540585654.6758752,3.9175,5.90797,,,
1540585654.773669,3.91734,5.90823,,,
1540585654.8801913,3.91734,5.90823,,,
1540585654.986715,3.91734,5.90823,,,
1540585655.0773778,3.91727,5.90848,,,
1540585655.1763675,3.91727,5.90848,0,0,0
1540585655.2752829,3.91727,5.90848,,,
1540585655.3763266,3.91711,5.90848,,,
1540585655.4767668,3.91711,5.90848,,,
1540585655.5722585,3.91711,5.90848,,,
1540585655.6741076,3.91711,5.90848,,,
1540585655.791304,3.91704,5.90874,,,
1540585655.8934333,3.91704,5.90874,,,
1540585655.9727623,3.91704,5.90874,,,
1540585656.0752566,3.91689,5.909,,,
1540585656.1862311,3.91689,5.909,0,0,0
1540585656.2890835,3.91689,5.909,,,
1540585656.375606,3.91681,5.909,,,
1540585656.4771948,3.91681,5.90926,,,
1540585656.5778844,3.91681,5.90926,,,
1540585656.6791632,3.91681,5.90926,,,
1540585656.7798214,3.91666,5.90952,,,
1540585656.8783062,3.91666,5.90952,,,
1540585656.9772549,3.91666,5.90952,,,
1540585657.093184,3.9165,5.90952,,,
1540585657.1939356,3.9165,5.90952,0,0,0
1540585657.2749429,3.9165,5.90952,,,
1540585657.3740532,3.91643,5.90952,,,
1540585657.485964,3.91643,5.90977,,,
1540585657.589145,3.91643,5.90977,,,
1540585657.6742616,3.91643,5.90977,,,
1540585657.777246,3.91628,5.91003,,,
1540585657.88351,3.91628,5.91003,,,
1540585657.9809532,3.91628,5.91003,,,
1540585658.0784054,3.9162,5.91003,,,
1540585658.1763208,3.9162,5.91028,0,0,0
1540585658.2801783,3.9162,5.91028,,,
1540585658.3799443,3.91605,5.91028,,,
1540585658.480622,3.91605,5.91028,,,
1540585658.5798383,3.91605,5.91028,,,
1540585658.682164,3.91605,5.91028,,,
1540585658.787155,3.91597,5.91054,,,
1540585658.8953035,3.91597,5.91054,,,
1540585658.9778266,3.91597,5.91054,,,
1540585659.0773466,3.91582,5.91054,,,
1540585659.1870883,3.91582,5.9108,0,0,0
1540585659.2916849,3.91582,5.9108,,,
1540585659.3776693,3.91574,5.9108,,,
1540585659.4791846,3.91574,5.9108,,,
1540585659.5844262,3.91574,5.9108,,,
1540585659.692825,3.91574,5.9108,,,
1540585659.7786274,3.9156,5.9108,,,
1540585659.8802052,3.9156,5.9108,,,
1540585659.9876182,3.9156,5.9108,,,
1540585660.0914924,3.91553,5.9108,,,
1540585660.1803672,3.91553,5.9108,0,0,0
1540585660.2807183,3.91553,5.9108,,,
1540585660.3840604,3.91545,5.9108,,,
1540585660.483714,3.91545,5.9108,,,
1540585660.5822444,3.91545,5.9108,,,
1540585660.67981,3.91545,5.9108,,,
1540585660.7809246,3.9153,5.91106,,,
1540585660.899476,3.9153,5.91106,,,
1540585660.9985654,3.9153,5.91106,,,
1540585661.081821,3.91522,5.91106,,,
1540585661.1815066,3.91522,5.91158,0,0,0
1540585661.2888277,3.91522,5.91158,,,
1540585661.396221,3.91507,5.91158,,,
1540585661.4810584,3.91507,5.91158,,,
1540585661.582902,3.91507,5.91158,,,
1540585661.6863506,3.91507,5.91158,,,
1540585661.7873025,3.91499,5.91183,,,
1540585661.8852527,3.91499,5.91183,,,
1540585661.9787114,3.91499,5.91183,,,
1540585662.0826027,3.91484,5.91183,,,
1540585662.1857812,3.91484,5.91183,0,0,0
1540585662.2853801,3.91484,5.91183,,,
1540585662.3824158,3.91484,5.91183,,,
1540585662.4845703,3.91476,5.91208,,,
1540585662.595757,3.91476,5.91208,,,
1540585662.6987092,3.91476,5.91208,,,
1540585662.7833035,3.91461,5.91234,,,
1540585662.8840659,3.91461,5.91234,,,
1540585662.9911962,3.91461,5.91234,,,
1540585663.0987375,3.91454,5.91234,,,
1540585663.1880593,3.91454,5.91286,0,0,0
1540585663.2854624,3.91454,5.91286,,,
1540585663.387622,3.91454,5.91286,,,
1540585663.4890125,3.91438,5.91312,,,
1540585663.5898542,3.91438,5.91312,,,
1540585663.684211,3.91438,5.91312,,,
1540585663.785318,3.91431,5.91338,,,
1540585663.9061406,3.91431,5.91338,,,
1540585664.0064476,3.91431,5.91338,,,
1540585664.0885868,3.91415,5.91338,,,
1540585664.1860955,3.91415,5.91364,0,0,0
1540585664.3009243,3.91415,5.91364,,,
1540585664.4021943,3.91408,5.91364,,,
1540585664.4988337,3.91408,5.91388,,,
1540585664.5897613,3.91408,5.91388,,,
1540585664.6924303,3.91408,5.91388,,,
1540585664.7914097,3.91393,5.91388,,,
1540585664.8898294,3.91393,5.91388,,,
1540585664.9911451,3.91393,5.91388,,,
1540585665.0900187,3.91385,5.91388,,,
1540585665.190738,3.91385,5.91388,0,0,0
1540585665.2916043,3.91385,5.91388,,,
1540585665.3853507,3.91385,5.91388,,,
1540585665.4888055,3.91371,5.91388,,,
1540585665.6035228,3.91371,5.91388,,,
1540585665.7053266,3.91371,5.91388,,,
1540585665.7927952,3.91364,5.91388,,,
1540585665.888018,3.91364,5.91388,,,
1540585665.995239,3.91364,5.91388,,,
1540585666.0950596,3.91348,5.91388,,,
1540585666.1905622,3.91348,5.91414,0,0,0
1540585666.2882078,3.91348,5.91414,,,
1540585666.3910992,3.91348,5.91414,,,
1540585666.5062542,3.91341,5.91466,,,
1540585666.5912142,3.91341,5.91466,,,
1540585666.6897874,3.91341,5.91466,,,
1540585666.7917295,3.91325,5.91492,,,
1540585666.9010248,3.91325,5.91492,,,
1540585667.005319,3.91325,5.91492,,,
1540585667.0894747,3.91318,5.91492,,,
1540585667.1885612,3.91318,5.91492,0,0,0
1540585667.295636,3.91318,5.91492,,,
1540585667.4070396,3.91318,5.91492,,,
1540585667.489657,3.91302,5.91492,,,
1540585667.592535,3.91302,5.91492,,,
1540585667.6957488,3.91302,5.91492,,,
1540585667.8056467,3.91295,5.91492,,,
1540585667.892318,3.91295,5.91518,,,
1540585667.9918718,3.91295,5.91518,,,
1540585668.0950403,3.9128,5.91518,,,
1540585668.1947608,3.9128,5.91544,0,0,0
1540585668.2940102,3.9128,5.91544,,,
1540585668.3936236,3.9128,5.91544,,,
1540585668.495665,3.91272,5.91568,,,
1540585668.6115813,3.91272,5.91568,,,
1540585668.7100022,3.91272,5.91568,,,
1540585668.7947953,3.91257,5.91568,,,
1540585668.8908248,3.91257,5.91594,,,
1540585669.0014,3.91257,5.91594,,,
1540585669.1067803,3.91249,5.91594,,,
1540585669.1948493,3.91249,5.91594,0,0,0
1540585669.2939618,3.91249,5.91594,,,
1540585669.4010162,3.91249,5.91594,,,
1540585669.5087695,3.91241,5.9162,,,
1540585669.594796,3.91241,5.9162,,,
1540585669.6925755,3.91241,5.9162,,,
1540585669.8019412,3.91226,5.91646,,,
1540585669.9070754,3.91226,5.91646,,,
1540585669.9933672,3.91226,5.91646,,,
1540585670.095636,3.91219,5.91646,,,
1540585670.2022977,3.91219,5.91672,0,0,0
1540585670.3096995,3.91219,5.91672,,,
1540585670.3960679,3.91219,5.91672,,,
1540585670.4961672,3.91203,5.91698,,,
1540585670.5963347,3.91203,5.91698,,,
1540585670.6983287,3.91203,5.91698,,,
1540585670.79842,3.91196,5.91698,,,
1540585670.8979595,3.91196,5.91698,,,
1540585670.9986541,3.91196,5.91698,,,
1540585671.1145165,3.91182,5.91698,,,
1540585671.2138727,3.91182,5.91698,0,0,0
1540585671.29489,3.91182,5.91698,,,
1540585671.394529,3.91182,5.91698,,,
1540585671.5051534,3.91174,5.91698,,,
1540585671.611279,3.91174,5.91698,,,
1540585671.6982527,3.91174,5.91698,,,
1540585671.7964904,3.91159,5.91698,,,
1540585671.8996906,3.91159,5.91698,,,
1540585672.0001764,3.91159,5.91698,,,
1540585672.0976632,3.91159,5.91698,,,
1540585672.196757,3.91151,5.91724,0,0,0
1540585672.3001456,3.91151,5.91724,,,
1540585672.4131737,3.91151,5.91724,,,
1540585672.5186489,3.91136,5.91748,,,
1540585672.5994418,3.91136,5.91748,,,
1540585672.6993418,3.91136,5.91748,,,
1540585672.805617,3.91121,5.91748,,,
1540585672.9103658,3.91121,5.91774,,,
1540585673.0001576,3.91121,5.91774,,,
1540585673.1008837,3.91121,5.91774,,,
1540585673.2040188,3.91113,5.91774,0,0,0
1540585673.3030262,3.91113,5.91774,,,
1540585673.4023004,3.91113,5.91774,,,
1540585673.5028803,3.91106,5.918,,,
1540585673.6042418,3.91106,5.918,,,
1540585673.7183108,3.91106,5.918,,,
1540585673.7997863,3.9109,5.918,,,
1540585673.9038236,3.9109,5.91826,,,
1540585673.9983337,3.9109,5.91826,,,
1540585674.1093047,3.91083,5.91826,,,
1540585674.2192023,3.91083,5.91826,0,0,0
1540585674.3038456,3.91083,5.91826,,,
1540585674.408111,3.91083,5.91826,,,
1540585674.5111544,3.91068,5.91852,,,
1540585674.6104906,3.91068,5.91852,,,
1540585674.7095299,3.91068,5.91852,,,
1540585674.8101408,3.9106,5.91852,,,
1540585674.9082341,3.9106,5.91878,,,
1540585675.0082903,3.9106,5.91878,,,
1540585675.106124,3.9106,5.91878,,,
1540585675.2146,3.91045,5.91904,0,0,0
1540585675.308324,3.91045,5.91904,,,
1540585675.4246392,3.91045,5.91904,,,
1540585675.5263088,3.91037,5.91904,,,
1540585675.6180377,3.91037,5.91904,,,
1540585675.7131186,3.91037,5.91904,,,
1540585675.820026,3.91022,5.91904,,,
1540585675.9225218,3.91022,5.91928,,,
1540585676.011413,3.91022,5.91928,,,
1540585676.1126924,3.91022,5.91928,,,
1540585676.2222934,3.91014,5.91954,0,0,0
1540585676.3230407,3.91014,5.91954,,,
1540585676.4100115,3.91014,5.91954,,,
1540585676.5085118,3.90999,5.9198,,,
1540585676.6189954,3.90999,5.9198,,,
1540585676.7164106,3.90999,5.9198,,,
1540585676.8062696,3.90993,5.9198,,,
1540585676.9051583,3.90993,5.9198,,,
1540585677.0121813,3.90993,5.9198,,,
1540585677.1173108,3.90993,5.9198,,,
1540585677.2044551,3.90985,5.92006,0,0,0
1540585677.306975,3.90985,5.92006,,,
1540585677.4099402,3.90985,5.92006,,,
1540585677.5125694,3.9097,5.92006,,,
1540585677.6061223,3.9097,5.92006,,,
1540585677.703201,3.9097,5.92006,,,
1540585677.807595,3.90962,5.92006,,,
1540585677.911185,3.90962,5.92006,,,
1540585678.006449,3.90962,5.92006,,,
1540585678.1071944,3.90962,5.92006,,,
1540585678.2054749,3.90947,5.92006,0,0,0
1540585678.3265185,3.90947,5.92006,,,
1540585678.428818,3.90947,5.92006,,,
1540585678.512076,3.90939,5.92032,,,
1540585678.6101844,3.90939,5.92032,,,
1540585678.7179072,3.90939,5.92032,,,
1540585678.8234546,3.90924,5.92032,,,
1540585678.9136484,3.90924,5.92032,,,
1540585679.0034866,3.90924,5.92032,,,
1540585679.1126215,3.90924,5.92032,,,
1540585679.2147164,3.90916,5.92084,0,0,0
1540585679.3122427,3.90916,5.92084,,,
1540585679.411237,3.90916,5.92084,,,
1540585679.50652,3.90901,5.92084,,,
1540585679.636204,3.90901,5.92108,,,
1540585679.7353365,3.90901,5.92108,,,
1540585679.8221953,3.90894,5.92108,,,
1540585679.9220595,3.90894,5.92108,,,
1540585680.0281587,3.90894,5.92108,,,
1540585680.1325548,3.90878,5.92108,,,
1540585680.2213352,3.90878,5.92108,0,0,0
1540585680.32086,3.90878,5.92108,,,
1540585680.4282725,3.90878,5.92108,,,
1540585680.532941,3.90871,5.92134,,,
1540585680.6312194,3.90871,5.92134,,,
1540585680.718235,3.90871,5.92134,,,
1540585680.8191526,3.90863,5.92134,,,
1540585680.9243224,3.90863,5.9216,,,
1540585681.0445263,3.90863,5.9216,,,
1540585681.1323576,3.90863,5.9216,,,
1540585681.226808,3.90848,5.92186,0,0,0
1540585681.338411,3.90848,5.92186,,,
1540585681.4415832,3.90848,5.92186,,,
1540585681.5180228,3.9084,5.92186,,,
1540585681.6229544,3.9084,5.92212,,,
1540585681.7328217,3.9084,5.92212,,,
1540585681.835147,3.90825,5.92212,,,
1540585681.9227567,3.90825,5.92212,,,
1540585682.0165215,3.90825,5.92212,,,
1540585682.1286306,3.90825,5.92212,,,
1540585682.2289193,3.90817,5.92212,0,0,0
1540585682.3246546,3.90817,5.92212,,,
1540585682.4207335,3.90817,5.92212,,,
1540585682.5214,3.9081,5.92212,,,
1540585682.6204622,3.9081,5.92238,,,
1540585682.7290554,3.9081,5.92238,,,
1540585682.82601,3.90796,5.92238,,,
1540585682.9246926,3.90796,5.92264,,,
1540585683.0446908,3.90796,5.92264,,,
1540585683.138925,3.90796,5.92264,,,
1540585683.2273655,3.90788,5.92288,0,0,0
1540585683.3286657,3.90788,5.92288,,,
1540585683.4332967,3.90788,5.92288,,,
1540585683.5297728,3.90773,5.92288,,,
1540585683.6292045,3.90773,5.92314,,,
1540585683.7218814,3.90773,5.92314,,,
1540585683.8282642,3.90765,5.92314,,,
1540585683.9460213,3.90765,5.92314,,,
1540585684.0256038,3.90765,5.92314,,,
1540585684.1259646,3.90765,5.92314,,,
1540585684.2250395,3.90758,5.92314,0,0,0
1540585684.336183,3.90758,5.92314,,,
1540585684.438308,3.90758,5.92314,,,
1540585684.5285623,3.90742,5.92314,,,
1540585684.627325,3.90742,5.92314,,,
1540585684.726795,3.90742,5.92314,,,
1540585684.8313,3.90735,5.92314,,,
1540585684.9302425,3.90735,5.92314,,,
1540585685.0254216,3.90735,5.92314,,,
1540585685.1254265,3.90735,5.92314,,,
1540585685.2494266,3.9072,5.9234,0,0,0
1540585685.3481724,3.9072,5.9234,,,
1540585685.431459,3.9072,5.9234,,,
1540585685.5316563,3.90712,5.9234,,,
1540585685.638271,3.90712,5.92366,,,
1540585685.7438552,3.90712,5.92366,,,
1540585685.8307772,3.90697,5.92366,,,
1540585685.9343023,3.90697,5.92392,,,
1540585686.0371659,3.90697,5.92392,,,
1540585686.1393533,3.90697,5.92392,,,
1540585686.2364984,3.90689,5.92444,0,0,0
1540585686.3367553,3.90689,5.92444,,,
1540585686.4356592,3.90689,5.92444,,,
1540585686.5367985,3.90674,5.92444,,,
1540585686.6381629,3.90674,5.92468,,,
1540585686.7297983,3.90674,5.92468,,,
1540585686.8339653,3.90666,5.92468,,,
1540585686.9477642,3.90666,5.92494,,,
1540585687.0527582,3.90666,5.92494,,,
1540585687.1335063,3.90666,5.92494,,,
1540585687.2358084,3.90659,5.9252,0,0,0
1540585687.3429215,3.90659,5.9252,,,
1540585687.449969,3.90659,5.9252,,,
1540585687.533386,3.90643,5.9252,,,
1540585687.635892,3.90643,5.9252,,,
1540585687.739151,3.90643,5.9252,,,
1540585687.8395627,3.90628,5.9252,,,
1540585687.9385376,3.90628,5.92546,,,
1540585688.0382407,3.90628,5.92546,,,
1540585688.1403778,3.90628,5.92546,,,
1540585688.254777,3.9062,5.92572,0,0,0
1540585688.3553886,3.9062,5.92572,,,
1540585688.434543,3.9062,5.92572,,,
1540585688.5351853,3.90613,5.92572,,,
1540585688.6467485,3.90613,5.92598,,,
1540585688.751204,3.90613,5.92598,,,
1540585688.8345816,3.90613,5.92598,,,
1540585688.9381404,3.90599,5.92624,,,
1540585689.0436668,3.90599,5.92624,,,
1540585689.142423,3.90599,5.92624,,,
1540585689.237252,3.90591,5.92624,0,0,0
1540585689.3394346,3.90591,5.92624,,,
1540585689.443942,3.90591,5.92624,,,
1540585689.5435424,3.90576,5.92624,,,
1540585689.641893,3.90576,5.92624,,,
1540585689.7423763,3.90576,5.92624,,,
1540585689.8439965,3.90576,5.92624,,,
1540585689.9600196,3.90569,5.92624,,,
1540585690.0579076,3.90569,5.92624,,,
1540585690.1436388,3.90569,5.92624,0,0,0
1540585690.2457206,3.90561,5.92624,,,
1540585690.3525405,3.90561,5.92624,,,
1540585690.458147,3.90561,5.92624,,,
1540585690.5461278,3.90546,5.92624,,,
1540585690.6456912,3.90546,5.92648,,,
1540585690.7480276,3.90546,5.92648,,,
1540585690.845906,3.90546,5.92648,,,
1540585690.9440186,3.90538,5.92648,,,
1540585691.0453563,3.90538,5.92648,,,
1540585691.1460772,3.90538,5.92648,,,
1540585691.2648802,3.90523,5.92674,0,0,0
1540585691.3651812,3.90523,5.92674,,,
1540585691.44777,3.90523,5.92674,,,
1540585691.5440793,3.90515,5.92674,,,
1540585691.65351,3.90515,5.927,,,
1540585691.7549238,3.90515,5.927,,,
1540585691.845631,3.90515,5.927,,,
1540585691.951224,3.90508,5.927,,,
1540585692.0496063,3.90508,5.927,,,
1540585692.151653,3.90508,5.927,,,
1540585692.249289,3.90492,5.92726,0,0,0
1540585692.3491213,3.90492,5.92726,,,
1540585692.4499464,3.90492,5.92726,,,
1540585692.5497549,3.90485,5.92726,,,
1540585692.6680834,3.90485,5.92752,,,
1540585692.750699,3.90485,5.92752,,,
1540585692.8503036,3.90485,5.92752,,,
1540585692.9638174,3.90469,5.92778,,,
1540585693.0668168,3.90469,5.92778,,,
1540585693.1538267,3.90469,5.92778,0,0,0
1540585693.2536905,3.90462,5.92778,,,
1540585693.356218,3.90462,5.92778,,,
1540585693.4609017,3.90462,5.92778,,,
1540585693.5563297,3.90446,5.92778,,,
1540585693.656002,3.90446,5.92804,,,
1540585693.7517674,3.90446,5.92804,,,
1540585693.8509328,3.90446,5.92804,,,
1540585693.9499173,3.90439,5.92828,,,
1540585694.050607,3.90439,5.92828,,,
1540585694.1503363,3.90439,5.92828,,,
1540585694.269691,3.90431,5.92828,0,0,0
1540585694.37263,3.90431,5.92828,,,
1540585694.4562871,3.90431,5.92828,,,
1540585694.5514724,3.90417,5.92828,,,
1540585694.664775,3.90417,5.92854,,,
1540585694.7669892,3.90417,5.92854,,,
1540585694.850707,3.90417,5.92854,,,
1540585694.95109,3.9041,5.9288,,,
1540585695.0601757,3.9041,5.9288,,,
1540585695.1628346,3.9041,5.9288,0,0,0
1540585695.2564263,3.90395,5.9288,,,
1540585695.3570738,3.90395,5.92906,,,
1540585695.455224,3.90395,5.92906,,,
1540585695.5526273,3.90387,5.92906,,,
1540585695.6472147,3.90387,5.92932,,,
1540585695.75207,3.90387,5.92932,,,
1540585695.8534338,3.90387,5.92932,,,
1540585695.9693518,3.90372,5.92932,,,
1540585696.0721989,3.90372,5.92932,,,
1540585696.1569989,3.90372,5.92932,0,0,0
1540585696.2570302,3.90364,5.92932,,,
1540585696.3642936,3.90364,5.92932,,,
1540585696.4655018,3.90364,5.92932,,,
1540585696.559522,3.90356,5.92932,,,
1540585696.6554716,3.90356,5.92932,,,
1540585696.7583113,3.90356,5.92932,,,
1540585696.8684442,3.90356,5.92932,,,
1540585696.9629087,3.90341,5.92932,,,
1540585697.061608,3.90341,5.92932,,,
1540585697.1598244,3.90341,5.92932,0,0,0
1540585697.2575147,3.90334,5.92932,,,
1540585697.3561916,3.90334,5.92932,,,
1540585697.4582808,3.90334,5.92932,,,
1540585697.5571125,3.90326,5.92932,,,
1540585697.6737254,3.90326,5.92958,,,
1540585697.7730596,3.90326,5.92958,,,
1540585697.8631554,3.90326,5.92958,,,
1540585697.95788,3.90311,5.92984,,,
1540585698.0685706,3.90311,5.92984,,,
1540585698.1750228,3.90311,5.92984,0,0,0
1540585698.2630353,3.90303,5.92984,,,
1540585698.3629885,3.90303,5.93008,,,
1540585698.469004,3.90303,5.93008,,,
1540585698.5720172,3.90295,5.93008,,,
1540585698.6589253,3.90295,5.93034,,,
1540585698.760729,3.90295,5.93034,,,
1540585698.8604372,3.90295,5.93034,,,
1540585698.9622042,3.9028,5.93034,,,
1540585699.0599678,3.9028,5.93034,,,
1540585699.1607103,3.9028,5.93034,0,0,0
1540585699.259584,3.90273,5.93034,,,
1540585699.376825,3.90273,5.9306,,,
1540585699.455914,3.90273,5.9306,,,
1540585699.5637655,3.90257,5.9306,,,
1540585699.665658,3.90257,5.93086,,,
1540585699.772183,3.90257,5.93086,,,
1540585699.875923,3.90257,5.93086,,,
1540585699.9626467,3.9025,5.93112,,,
1540585700.0627232,3.9025,5.93112,,,
1540585700.1666372,3.9025,5.93112,0,0,0
1540585700.2708817,3.90234,5.93112,,,
1540585700.3632772,3.90234,5.93138,,,
1540585700.4638333,3.90234,5.93138,,,
1540585700.5650394,3.90227,5.93138,,,
1540585700.6651,3.90227,5.93138,,,
1540585700.7632513,3.90227,5.93138,,,
1540585700.8583527,3.90227,5.93138,,,
1540585700.965296,3.90213,5.93138,,,
1540585701.084803,3.90213,5.93138,,,
1540585701.1860003,3.90213,5.93138,0,0,0
1540585701.274626,3.90205,5.93138,,,
1540585701.3725715,3.90205,5.93164,,,
1540585701.4824321,3.90205,5.93164,,,
1540585701.577107,3.90198,5.93164,,,
1540585701.6681845,3.90198,5.93188,,,
1540585701.7658885,3.90198,5.93188,,,
1540585701.8695886,3.90198,5.93188,,,
1540585701.9717455,3.90182,5.93214,,,
1540585702.0651047,3.90182,5.93214,,,
1540585702.1659489,3.90182,5.93214,0,0,0
1540585702.2657473,3.90175,5.93214,,,
1540585702.3654363,3.90175,5.9324,,,
1540585702.464997,3.90175,5.9324,,,
1540585702.5644147,3.90175,5.9324,,,
1540585702.6667504,3.9016,5.9324,,,
1540585702.7782626,3.9016,5.9324,,,
1540585702.8812613,3.9016,5.9324,,,
1540585702.9667585,3.90152,5.9324,,,
1540585703.0662947,3.90152,5.9324,,,
1540585703.1752448,3.90152,5.9324,0,0,0
1540585703.2783298,3.90144,5.9324,,,
1540585703.3740218,3.90144,5.9324,,,
1540585703.475787,3.90144,5.9324,,,
1540585703.5742402,3.90144,5.9324,,,
1540585703.6749628,3.90129,5.9324,,,
1540585703.7715752,3.90129,5.9324,,,
1540585703.8712602,3.90129,5.9324,,,
1540585703.973962,3.90121,5.93266,,,
1540585704.0851989,3.90121,5.93266,,,
1540585704.1893818,3.90121,5.93266,0,0,0
1540585704.2757988,3.90114,5.93266,,,
1540585704.3717945,3.90114,5.93266,,,
1540585704.480154,3.90114,5.93266,,,
1540585704.5836217,3.90099,5.93266,,,
1540585704.67884,3.90099,5.93292,,,
1540585704.7754133,3.90099,5.93292,,,
1540585704.8723025,3.90099,5.93292,,,
1540585704.977786,3.90091,5.93318,,,
1540585705.0754132,3.90091,5.93318,,,
1540585705.1719398,3.90091,5.93318,0,0,0
1540585705.2711632,3.90076,5.93318,,,
1540585705.391288,3.90076,5.93344,,,
1540585705.4920063,3.90076,5.93344,,,
1540585705.5767233,3.90076,5.93344,,,
1540585705.6713567,3.90068,5.93344,,,
1540585705.7827737,3.90068,5.93344,,,
1540585705.892835,3.90068,5.93344,,,
1540585705.97855,3.9006,5.93369,,,
1540585706.0753112,3.9006,5.93369,,,
1540585706.1810613,3.9006,5.93369,0,0,0
1540585706.2858372,3.90045,5.93369,,,
1540585706.377191,3.90045,5.93394,,,
1540585706.474475,3.90045,5.93394,,,
1540585706.58156,3.90045,5.93394,,,
1540585706.6877348,3.90038,5.93394,,,
1540585706.7786365,3.90038,5.93394,,,
1540585706.87428,3.90038,5.93394,,,
1540585706.980387,3.90024,5.9342,,,
1540585707.0817444,3.90024,5.9342,,,
1540585707.1768982,3.90024,5.9342,0,0,0
1540585707.2754734,3.90016,5.9342,,,
1540585707.3752112,3.90016,5.93446,,,
1540585707.475911,3.90016,5.93446,,,
1540585707.5760522,3.90016,5.93446,,,
1540585707.6761985,3.90009,5.93446,,,
1540585707.7765558,3.90009,5.93446,,,
1540585707.8883667,3.90009,5.93446,,,
1540585707.9964857,3.89993,5.93472,,,
1540585708.0826416,3.89993,5.93472,,,
1540585708.178604,3.89993,5.93472,0,0,0
1540585708.2881918,3.89986,5.93472,,,
1540585708.3950696,3.89986,5.93498,,,
1540585708.4816842,3.89986,5.93498,,,
1540585708.5783944,3.89986,5.93498,,,
1540585708.6944385,3.89978,5.93498,,,
1540585708.790111,3.89978,5.93498,,,
1540585708.880104,3.89978,5.93498,,,
1540585708.9780142,3.89963,5.93498,,,
1540585709.0801218,3.89963,5.93524,,,
1540585709.1840026,3.89963,5.93524,0,0,0
1540585709.278737,3.89955,5.93524,,,
1540585709.3781843,3.89955,5.93549,,,
1540585709.4809847,3.89955,5.93549,,,
1540585709.6003706,3.89955,5.93549,,,
1540585709.6990225,3.8994,5.93575,,,
1540585709.7848046,3.8994,5.93575,,,
1540585709.8805146,3.8994,5.93575,,,
1540585709.9904938,3.89932,5.93575,,,
1540585710.0918946,3.89932,5.93575,,,
1540585710.1825154,3.89932,5.93575,0,0,0
1540585710.28117,3.89925,5.93575,,,
1540585710.387116,3.89925,5.936,,,
1540585710.486227,3.89925,5.936,,,
1540585710.580846,3.89925,5.936,,,
1540585710.6788483,3.89909,5.93626,,,
1540585710.7887506,3.89909,5.93626,,,
1540585710.902592,3.89909,5.93626,,,
1540585710.9820085,3.89902,5.93626,,,
1540585711.0802674,3.89902,5.93626,,,
1540585711.181625,3.89902,5.93626,0,0,0
1540585711.2979577,3.89886,5.93626,,,
1540585711.400783,3.89886,5.93652,,,
1540585711.4849606,3.89886,5.93652,,,
1540585711.5820084,3.89886,5.93652,,,
1540585711.6897998,3.89879,5.93678,,,
1540585711.792205,3.89879,5.93678,,,
1540585711.879874,3.89879,5.93678,,,
1540585711.9861271,3.89871,5.93678,,,
1540585712.0862057,3.89871,5.93678,,,
1540585712.1856942,3.89871,5.93678,0,0,0
1540585712.2898493,3.89856,5.93678,,,
1540585712.383828,3.89856,5.93704,,,
1540585712.4865673,3.89856,5.93704,,,
1540585712.6042206,3.89856,5.93704,,,
1540585712.6858673,3.89848,5.9373,,,
1540585712.7841792,3.89848,5.9373,,,
1540585712.885912,3.89848,5.9373,,,
1540585712.9958494,3.89842,5.9373,,,
1540585713.096695,3.89842,5.9373,,,
1540585713.1869133,3.89842,5.9373,0,0,0
1540585713.2857559,3.89842,5.9373,,,
1540585713.3918705,3.89827,5.93755,,,
1540585713.4916737,3.89827,5.93755,,,
1540585713.5885246,3.89827,5.93755,,,
1540585713.6876845,3.89819,5.93781,,,
1540585713.7882264,3.89819,5.93781,,,
1540585713.8880744,3.89819,5.93781,,,
1540585713.9870913,3.89812,5.93781,,,
1540585714.09349,3.89812,5.93781,,,
1540585714.1961877,3.89812,5.93781,0,0,0
1540585714.2995892,3.89796,5.93781,,,
1540585714.4049575,3.89796,5.93806,,,
1540585714.4963048,3.89796,5.93806,,,
1540585714.5960956,3.89796,5.93806,,,
1540585714.6970243,3.89789,5.93832,,,
1540585714.7971656,3.89789,5.93832,,,
1540585714.8967807,3.89789,5.93832,,,
1540585714.9955962,3.89774,5.93832,,,
1540585715.092905,3.89774,5.93832,,,
1540585715.26836,3.89774,5.93832,,,
1540585715.4271839,3.87056,7.41429,,,
1540585715.585698,3.87056,7.41429,,,
1540585715.7512686,3.84036,8.63098,,,
1540585715.9116971,3.84036,8.63098,,,
1540585716.074627,3.83878,8.63432,,,
1540585716.2299929,3.83878,8.63432,,,
1540585716.3920112,3.83771,8.63664,,,
1540585716.5488374,3.83771,8.63664,,,
1540585716.7059517,3.83681,8.63896,,,
1540585716.8051867,3.83681,8.63896,0,0,0
1540585716.9047158,3.83681,8.63896,0,0,0
1540585716.9895222,3.87358,8.63896,,,
1540585717.084457,3.87358,6.66782,,,
1540585717.1896262,3.87358,6.66782,0,0,0
1540585717.2906086,3.87358,6.66782,,,
1540585717.3837569,3.89304,5.94553,,,
1540585717.4910014,3.89304,5.94553,,,
1540585717.5891073,3.89304,5.94553,,,
1540585717.6884308,3.89365,5.9445,,,
1540585717.7850218,3.89365,5.9445,,,
1540585717.8872225,3.89365,5.9445,,,
1540585717.9883144,3.89395,5.9445,,,
1540585718.106162,3.89395,5.94373,,,
1540585718.2111254,3.89395,5.94373,0,0,0
1540585718.2836246,3.89395,5.94373,,,
1540585718.3900406,3.89418,5.94347,,,
1540585718.5003018,3.89418,5.94347,,,
1540585718.6050107,3.89418,5.94347,,,
1540585718.692538,3.89426,5.94347,,,
1540585718.7997732,3.89426,5.94347,,,
1540585718.8978734,3.89426,5.94347,,,
1540585718.9978898,3.89433,5.94347,,,
1540585719.0940878,3.89433,5.94321,,,
1540585719.193435,3.89433,5.94321,0,0,0
1540585719.2937152,3.89433,5.94321,,,
1540585719.3950331,3.89441,5.94321,,,
1540585719.4935436,3.89441,5.94321,,,
1540585719.5915904,3.89441,5.94321,,,
1540585719.6940565,3.89441,5.94321,,,
1540585719.809926,3.89441,5.94321,,,
1540585719.9099388,3.89441,5.94321,,,
1540585719.9957442,3.89441,5.94321,,,
1540585720.0950255,3.89441,5.94321,,,
1540585720.196346,3.89441,5.94321,0,0,0
1540585720.2992628,3.89441,5.94321,,,
1540585720.3944962,3.89433,5.94321,,,
1540585720.4946964,3.89433,5.94321,,,
1540585720.5950599,3.89433,5.94321,,,
1540585720.7189114,3.89433,5.94321,,,
1540585720.818043,3.89433,5.94321,,,
1540585720.8996868,3.89433,5.94321,,,
1540585720.9969964,3.89426,5.94321,,,
1540585721.1101468,3.89426,5.94347,,,
1540585721.212317,3.89426,5.94347,0,0,0
1540585721.2979298,3.89426,5.94347,,,
1540585721.3978672,3.89426,5.94347,,,
1540585721.5111482,3.89426,5.94347,,,
1540585721.614851,3.89426,5.94347,,,
1540585721.6981134,3.89418,5.94347,,,
1540585721.7926722,3.89418,5.94347,,,
1540585721.9063234,3.89418,5.94347,,,
1540585722.0108256,3.89418,5.94347,,,
1540585722.0978758,3.89418,5.94347,,,
1540585722.2018802,3.89418,5.94347,0,0,0
1540585722.3059282,3.89418,5.94347,,,
1540585722.4067435,3.8941,5.94373,,,
1540585722.5038135,3.8941,5.94373,,,
1540585722.606119,3.8941,5.94373,,,
1540585722.7042694,3.89403,5.94373,,,
1540585722.8262756,3.89403,5.94373,,,
1540585722.9280348,3.89403,5.94373,,,
1540585723.0097704,3.89395,5.94373,,,
1540585723.1058624,3.89395,5.94398,,,
1540585723.2172704,3.89395,5.94398,0,0,0
1540585723.322941,3.89395,5.94398,,,
1540585723.4106495,3.89395,5.94398,,,
1540585723.5086763,3.89395,5.94398,,,
1540585723.6111345,3.89395,5.94398,,,
1540585723.7147663,3.89388,5.94398,,,
1540585723.8102598,3.89388,5.94398,,,
1540585723.899607,3.89388,5.94398,,,
1540585724.007905,3.8938,5.94398,,,
1540585724.1148212,3.8938,5.94424,,,
1540585724.2040775,3.8938,5.94424,0,0,0
1540585724.3047032,3.8938,5.94424,,,
1540585724.4233496,3.89372,5.94424,,,
1540585724.509632,3.89372,5.94424,,,
1540585724.6060445,3.89372,5.94424,,,
1540585724.6989603,3.89365,5.94424,,,
1540585724.808808,3.89365,5.9445,,,
1540585724.928517,3.89365,5.9445,,,
1540585725.0286145,3.89357,5.9445,,,
1540585725.1157482,3.89357,5.9445,,,
1540585725.2024632,3.89357,5.9445,0,0,0
1540585725.3357515,3.89357,5.9445,,,
1540585725.4298434,3.89349,5.94475,,,
1540585725.5099175,3.89349,5.94475,,,
1540585725.6093276,3.89349,5.94475,,,
1540585725.7238467,3.89342,5.94475,,,
1540585725.8248112,3.89342,5.94475,,,
1540585725.9116251,3.89342,5.94475,,,
1540585726.0102582,3.89342,5.94475,,,
1540585726.1162298,3.89334,5.94501,,,
1540585726.2203,3.89334,5.94501,0,0,0
1540585726.3068092,3.89334,5.94501,,,
1540585726.4134922,3.89326,5.94501,,,
1540585726.5185306,3.89326,5.94501,,,
1540585726.615609,3.89326,5.94501,,,
1540585726.7058923,3.89319,5.94501,,,
1540585726.8142705,3.89319,5.94527,,,
1540585726.9185827,3.89319,5.94527,,,
1540585727.0147996,3.89319,5.94527,,,
1540585727.1121852,3.89311,5.94527,,,
1540585727.2106192,3.89311,5.94527,0,0,0
1540585727.315452,3.89311,5.94527,,,
1540585727.4296062,3.89304,5.94553,,,
1540585727.5319302,3.89304,5.94553,,,
1540585727.621855,3.89304,5.94553,,,
1540585727.7196617,3.89288,5.94553,,,
1540585727.8216925,3.89288,5.94553,,,
1540585727.9293263,3.89288,5.94553,,,
1540585728.0187025,3.89288,5.94553,,,
1540585728.1157377,3.89281,5.94579,,,
1540585728.2209628,3.89281,5.94579,0,0,0
1540585728.3279097,3.89281,5.94579,,,
1540585728.4133344,3.89273,5.94579,,,
1540585728.5152993,3.89273,5.94579,,,
1540585728.6239717,3.89273,5.94579,,,
1540585728.7256243,3.89265,5.94579,,,
1540585728.8156145,3.89265,5.94579,,,
1540585728.9162278,3.89265,5.94579,,,
1540585729.0188868,3.89265,5.94579,,,
1540585729.1156478,3.89259,5.94579,,,
1540585729.2125738,3.89259,5.94579,0,0,0
1540585729.3144772,3.89259,5.94579,,,
1540585729.449813,3.89252,5.94579,,,
1540585729.5430367,3.89252,5.94579,,,
1540585729.6375225,3.89252,5.94579,,,
1540585729.7264268,3.89244,5.94579,,,
1540585729.8205054,3.89244,5.94579,,,
1540585729.9314325,3.89244,5.94579,,,
1540585730.028921,3.89236,5.94579,,,
1540585730.1186388,3.89236,5.94604,,,
1540585730.2229679,3.89236,5.94604,0,0,0
1540585730.3255732,3.89236,5.94604,,,
1540585730.4232547,3.89221,5.9463,,,
1540585730.5160377,3.89221,5.9463,,,
1540585730.6203988,3.89221,5.9463,,,
1540585730.7246196,3.89214,5.9463,,,
1540585730.8399684,3.89214,5.94655,,,
1540585730.9550948,3.89214,5.94655,,,
1540585731.0333083,3.89214,5.94655,,,
1540585731.1257575,3.89206,5.94655,,,
1540585731.2408469,3.89206,5.94655,0,0,0
1540585731.3237805,3.89206,5.94655,,,
1540585731.419968,3.89198,5.94681,,,
1540585731.5265944,3.89198,5.94681,,,
1540585731.6376534,3.89198,5.94681,,,
1540585731.7401807,3.89191,5.94681,,,
1540585731.8265238,3.89191,5.94681,,,
1540585731.9230301,3.89191,5.94681,,,
1540585732.0244884,3.89191,5.94681,,,
1540585732.1273384,3.89183,5.94681,,,
1540585732.2199433,3.89183,5.94681,0,0,0
1540585732.3277898,3.89183,5.94681,,,
1540585732.4314013,3.89168,5.94707,,,
1540585732.5274913,3.89168,5.94707,,,
1540585732.6219032,3.89168,5.94707,,,
1540585732.7281005,3.8916,5.94707,,,
1540585732.8321033,3.8916,5.94733,,,
1540585732.9449277,3.8916,5.94733,,,
1540585733.0472717,3.89153,5.94733,,,
1540585733.131933,3.89153,5.94759,,,
1540585733.2317483,3.89153,5.94759,0,0,0
1540585733.34071,3.89153,5.94759,,,
1540585733.4381313,3.89145,5.9481,,,
1540585733.535051,3.89145,5.9481,,,
1540585733.6319742,3.89145,5.9481,,,
1540585733.7289388,3.89137,5.9481,,,
1540585733.8348336,3.89137,5.94835,,,
1540585733.9289458,3.89137,5.94835,,,
1540585734.0310073,3.89137,5.94835,,,
1540585734.1291823,3.89122,5.94835,,,
1540585734.251168,3.89122,5.94835,0,0,0
1540585734.3519695,3.89122,5.94835,,,
1540585734.4315662,3.89114,5.94835,,,
1540585734.5331247,3.89114,5.94861,,,
1540585734.6437283,3.89114,5.94861,,,
1540585734.7472456,3.89107,5.94861,,,
1540585734.8321826,3.89107,5.94861,,,
1540585734.9344628,3.89107,5.94861,,,
1540585735.0404196,3.89107,5.94861,,,
1540585735.1460001,3.89099,5.94887,,,
1540585735.232572,3.89099,5.94887,0,0,0
1540585735.3308425,3.89099,5.94887,,,
1540585735.4309404,3.89091,5.94887,,,
1540585735.5325112,3.89091,5.94887,,,
1540585735.628686,3.89091,5.94887,,,
1540585735.7312593,3.89084,5.94887,,,
1540585735.8313837,3.89084,5.94887,,,
1540585735.955834,3.89084,5.94887,,,
1540585736.0548902,3.8907,5.94887,,,
1540585736.139351,3.8907,5.94887,0,0,0
1540585736.2332022,3.8907,5.94887,,,
1540585736.3510964,3.8907,5.94887,,,
1540585736.4515948,3.89063,5.94887,,,
1540585736.5362046,3.89063,5.94887,,,
1540585736.6365135,3.89063,5.94887,,,
1540585736.7308266,3.89055,5.94887,,,
1540585736.8446164,3.89055,5.94913,,,
1540585736.9394236,3.89055,5.94913,,,
1540585737.0402868,3.89055,5.94913,,,
1540585737.136983,3.89047,5.94939,,,
1540585737.2387376,3.89047,5.94939,0,0,0
1540585737.3391237,3.89047,5.94939,,,
1540585737.4372053,3.8904,5.94939,,,
1540585737.5343704,3.8904,5.94965,,,
1540585737.6529992,3.8904,5.94965,,,
1540585737.7573154,3.89024,5.94965,,,
1540585737.8368049,3.89024,5.94965,,,
1540585737.9403527,3.89024,5.94965,,,
1540585738.0504339,3.89024,5.94965,,,
1540585738.1565938,3.89017,5.94991,,,
1540585738.24002,3.89017,5.94991,0,0,0
1540585738.3423238,3.89017,5.94991,,,
1540585738.4498131,3.89009,5.94991,,,
1540585738.5568748,3.89009,5.94991,,,
1540585738.6442454,3.89009,5.94991,,,
1540585738.745321,3.89001,5.94991,,,
1540585738.8501267,3.89001,5.94991,,,
1540585738.9566815,3.89001,5.94991,,,
1540585739.0424626,3.89001,5.94991,,,
1540585739.141912,3.88986,5.95015,,,
1540585739.245141,3.88986,5.95015,0,0,0
1540585739.3446057,3.88986,5.95015,,,
1540585739.437223,3.88979,5.95015,,,
1540585739.543093,3.88979,5.95041,,,
1540585739.645686,3.88979,5.95041,,,
1540585739.764622,3.88971,5.95041,,,
1540585739.8655381,3.88971,5.95067,,,
1540585739.94448,3.88971,5.95067,,,
1540585740.039673,3.88971,5.95067,,,
1540585740.1509058,3.88956,5.95093,,,
1540585740.2572432,3.88956,5.95093,0,0,0
1540585740.3417485,3.88956,5.95093,,,
1540585740.4384782,3.88948,5.95093,,,
1540585740.5456219,3.88948,5.95093,,,
1540585740.653342,3.88948,5.95093,,,
1540585740.736368,3.88948,5.95093,,,
1540585740.8402612,3.8894,5.95093,,,
1540585740.9482238,3.8894,5.95093,,,
1540585741.0477064,3.8894,5.95093,,,
1540585741.1388571,3.88933,5.95119,,,
1540585741.2409759,3.88933,5.95119,0,0,0
1540585741.3426378,3.88933,5.95119,,,
1540585741.446065,3.88918,5.95119,,,
1540585741.5383894,3.88918,5.95145,,,
1540585741.6422453,3.88918,5.95145,,,
1540585741.7428067,3.88918,5.95145,,,
1540585741.864344,3.8891,5.95171,,,
1540585741.9639997,3.8891,5.95171,,,
1540585742.0432074,3.8891,5.95171,,,
1540585742.1361773,3.88902,5.95195,,,
1540585742.2518125,3.88902,5.95195,0,0,0
1540585742.3587472,3.88902,5.95195,,,
1540585742.443862,3.88895,5.95195,,,
1540585742.5478714,3.88895,5.95195,,,
1540585742.654078,3.88895,5.95195,,,
1540585742.7593648,3.88887,5.95195,,,
1540585742.8480985,3.88887,5.95195,,,
1540585742.9418776,3.88887,5.95195,,,
1540585743.0497537,3.88887,5.95195,,,
1540585743.1499686,3.88881,5.95195,,,
1540585743.2442799,3.88881,5.95195,0,0,0
1540585743.3438609,3.88881,5.95195,,,
1540585743.4511414,3.88866,5.95195,,,
1540585743.567156,3.88866,5.95195,,,
1540585743.6733418,3.88866,5.95195,,,
1540585743.7547889,3.88866,5.95195,,,
1540585743.8522465,3.88858,5.95195,,,
1540585743.9691396,3.88858,5.95195,,,
1540585744.068376,3.88858,5.95195,,,
1540585744.1505466,3.88843,5.95221,0,0,0
1540585744.2545683,3.88843,5.95221,,,
1540585744.3585289,3.88843,5.95221,,,
1540585744.4719644,3.88835,5.95221,,,
1540585744.5670512,3.88835,5.95247,,,
1540585744.659416,3.88835,5.95247,,,
1540585744.7558255,3.88835,5.95247,,,
1540585744.8782315,3.88828,5.95247,,,
1540585744.95591,3.88828,5.95247,,,
1540585745.062023,3.88828,5.95247,,,
1540585745.1594472,3.8882,5.95273,0,0,0
1540585745.2696905,3.8882,5.95273,,,
1540585745.3683097,3.8882,5.95273,,,
1540585745.459382,3.88812,5.95273,,,
1540585745.567153,3.88812,5.95299,,,
1540585745.6697085,3.88812,5.95299,,,
1540585745.7672114,3.88797,5.95299,,,
1540585745.8618343,3.88797,5.95299,,,
1540585745.9672604,3.88797,5.95299,,,
1540585746.0721953,3.88797,5.95299,,,
1540585746.1816392,3.88789,5.95325,0,0,0
1540585746.2889645,3.88789,5.95325,,,
1540585746.3713596,3.88789,5.95325,,,
1540585746.4679759,3.88782,5.95325,,,
1540585746.5790706,3.88782,5.95325,,,
1540585746.6835144,3.88782,5.95325,,,
1540585746.7716634,3.88782,5.95325,,,
1540585746.8678339,3.88766,5.95351,,,
1540585746.9739416,3.88766,5.95351,,,
1540585747.0736096,3.88766,5.95351,,,
1540585747.164403,3.88759,5.95375,0,0,0
1540585747.2726047,3.88759,5.95375,,,
1540585747.3757014,3.88759,5.95375,,,
1540585747.47298,3.88751,5.95375,,,
1540585747.5649877,3.88751,5.95375,,,
1540585747.6713734,3.88751,5.95375,,,
1540585747.775727,3.88751,5.95375,,,
1540585747.8860028,3.88744,5.95401,,,
1540585747.9940228,3.88744,5.95401,,,
1540585748.074019,3.88744,5.95401,,,
1540585748.1711674,3.88728,5.95427,0,0,0
1540585748.2841175,3.88728,5.95427,,,
1540585748.3854797,3.88728,5.95427,,,
1540585748.4753635,3.88721,5.95427,,,
1540585748.568448,3.88721,5.95427,,,
1540585748.6783192,3.88721,5.95427,,,
1540585748.7850018,3.88713,5.95427,,,
1540585748.872727,3.88713,5.95453,,,
1540585748.9743328,3.88713,5.95453,,,
1540585749.0757208,3.88713,5.95453,,,
1540585749.174796,3.88698,5.95479,0,0,0
1540585749.2700238,3.88698,5.95479,,,
1540585749.3756263,3.88698,5.95479,,,
1540585749.4771228,3.8869,5.95479,,,
1540585749.5938451,3.8869,5.95479,,,
1540585749.694378,3.8869,5.95479,,,
1540585749.7780442,3.8869,5.95479,,,
1540585749.8744392,3.88684,5.95505,,,
1540585749.9881525,3.88684,5.95505,,,
1540585750.0896327,3.88684,5.95505,,,
1540585750.1772554,3.88676,5.95505,0,0,0
1540585750.2724965,3.88676,5.95505,,,
1540585750.378352,3.88676,5.95505,,,
1540585750.478134,3.88661,5.95505,,,
1540585750.5693803,3.88661,5.95505,,,
1540585750.674574,3.88661,5.95505,,,
1540585750.7797558,3.88661,5.95505,,,
1540585750.898718,3.88654,5.95505,,,
1540585750.9982517,3.88654,5.95505,,,
1540585751.0814464,3.88654,5.95505,,,
1540585751.1815345,3.88646,5.95505,0,0,0
1540585751.2892852,3.88646,5.95505,,,
1540585751.3948812,3.88646,5.95505,,,
1540585751.4863396,3.88638,5.95505,,,
1540585751.582184,3.88638,5.95505,,,
1540585751.6892323,3.88638,5.95505,,,
1540585751.794084,3.88623,5.95505,,,
1540585751.883773,3.88623,5.95531,,,
1540585751.9789014,3.88623,5.95531,,,
1540585752.0842645,3.88623,5.95531,,,
1540585752.1827815,3.88615,5.95555,0,0,0
1540585752.2795238,3.88615,5.95555,,,
1540585752.377795,3.88615,5.95555,,,
1540585752.4781542,3.88608,5.95555,,,
1540585752.5757704,3.88608,5.95581,,,
1540585752.6742811,3.88608,5.95581,,,
1540585752.7765532,3.88608,5.95581,,,
1540585752.886203,3.886,5.95607,,,
1540585752.9944658,3.886,5.95607,,,
1540585753.0950599,3.886,5.95607,,,
1540585753.182745,3.88585,5.95607,0,0,0
1540585753.2813215,3.88585,5.95607,,,
1540585753.3831553,3.88585,5.95607,,,
1540585753.4831283,3.88577,5.95607,,,
1540585753.58137,3.88577,5.95607,,,
1540585753.6811213,3.88577,5.95607,,,
1540585753.7804806,3.88577,5.95607,,,
1540585753.9030964,3.8857,5.95633,,,
1540585754.0060782,3.8857,5.95633,,,
1540585754.0869234,3.8857,5.95633,,,
1540585754.1872203,3.88554,5.95633,0,0,0
1540585754.2988176,3.88554,5.95659,,,
1540585754.382345,3.88554,5.95659,,,
1540585754.480935,3.88547,5.95659,,,
1540585754.5874784,3.88547,5.95685,,,
1540585754.7011442,3.88547,5.95685,,,
1540585754.8046649,3.88547,5.95685,,,
1540585754.8855991,3.88539,5.95711,,,
1540585754.9819448,3.88539,5.95711,,,
1540585755.0924463,3.88539,5.95711,,,
1540585755.199285,3.88524,5.95711,0,0,0
1540585755.2868721,3.88524,5.95711,,,
1540585755.381968,3.88524,5.95711,,,
1540585755.4879434,3.88516,5.95711,,,
1540585755.591217,3.88516,5.95711,,,
1540585755.6822295,3.88516,5.95711,,,
1540585755.7889495,3.88516,5.95711,,,
1540585755.8918364,3.88509,5.95735,,,
1540585755.9922173,3.88509,5.95735,,,
1540585756.089652,3.88509,5.95735,,,
1540585756.1929688,3.88495,5.95735,0,0,0
1540585756.2873697,3.88495,5.95761,,,
1540585756.403668,3.88495,5.95761,,,
1540585756.5088353,3.88487,5.95761,,,
1540585756.5941494,3.88487,5.95787,,,
1540585756.694317,3.88487,5.95787,,,
1540585756.8000953,3.88487,5.95787,,,
1540585756.906219,3.8848,5.95787,,,
1540585756.989727,3.8848,5.95787,,,
1540585757.094042,3.8848,5.95787,,,
1540585757.2017374,3.88464,5.95787,0,0,0
1540585757.3022313,3.88464,5.95813,,,
1540585757.3968985,3.88464,5.95813,,,
1540585757.496303,3.88457,5.95813,,,
1540585757.6004505,3.88457,5.95813,,,
1540585757.6947522,3.88457,5.95813,,,
1540585757.7868664,3.88457,5.95813,,,
1540585757.8921304,3.88449,5.95839,,,
1540585757.992991,3.88449,5.95839,,,
1540585758.0928905,3.88449,5.95839,,,
1540585758.1885502,3.88441,5.95839,0,0,0
1540585758.2901785,3.88441,5.95865,,,
1540585758.3888695,3.88441,5.95865,,,
1540585758.508889,3.88426,5.95865,,,
1540585758.6139574,3.88426,5.95891,,,
1540585758.698344,3.88426,5.95891,,,
1540585758.7934103,3.88426,5.95891,,,
1540585758.908772,3.88419,5.95891,,,
1540585759.010506,3.88419,5.95891,,,
1540585759.0908573,3.88419,5.95891,,,
1540585759.1938884,3.88411,5.95891,0,0,0
1540585759.3018224,3.88411,5.95915,,,
1540585759.4112902,3.88411,5.95915,,,
1540585759.5028758,3.88396,5.95915,,,
1540585759.5980825,3.88396,5.95891,,,
1540585759.6968255,3.88396,5.95891,,,
1540585759.793088,3.88396,5.95891,,,
1540585759.8883073,3.88388,5.95915,,,
1540585759.9971018,3.88388,5.95915,,,
1540585760.096586,3.88388,5.95915,,,
1540585760.210168,3.8838,5.95915,0,0,0
1540585760.3167417,3.8838,5.95915,,,
1540585760.3980153,3.8838,5.95915,,,
1540585760.4970243,3.8838,5.95915,,,
1540585760.6113672,3.88373,5.95915,,,
1540585760.7144778,3.88373,5.95915,,,
1540585760.7946784,3.88373,5.95915,,,
1540585760.8996005,3.88365,5.95941,,,
1540585761.009282,3.88365,5.95941,,,
1540585761.105177,3.88365,5.95941,,,
1540585761.1970694,3.8835,5.95941,0,0,0
1540585761.2993486,3.8835,5.95967,,,
1540585761.4015853,3.8835,5.95967,,,
1540585761.5052464,3.8835,5.95967,,,
1540585761.5984268,3.88342,5.95993,,,
1540585761.7012968,3.88342,5.95993,,,
1540585761.7996652,3.88342,5.95993,,,
1540585761.9223652,3.88327,5.96019,,,
1540585762.0228107,3.88327,5.96019,,,
1540585762.0944247,3.88327,5.96019,,,
1540585762.1964936,3.88319,5.96019,0,0,0
1540585762.3070302,3.88319,5.96045,,,
1540585762.4140236,3.88319,5.96045,,,
1540585762.4994678,3.88319,5.96045,,,
1540585762.5990522,3.88312,5.96095,,,
1540585762.7116296,3.88312,5.96095,,,
1540585762.8163617,3.88312,5.96095,,,
1540585762.8983142,3.88304,5.96095,,,
1540585763.0041256,3.88304,5.96095,,,
1540585763.108504,3.88304,5.96095,,,
1540585763.2050693,3.8829,5.96095,0,0,0
1540585763.2982984,3.8829,5.96121,,,
1540585763.3957748,3.8829,5.96121,,,
1540585763.502911,3.8829,5.96121,,,
1540585763.5985172,3.88283,5.96121,,,
1540585763.701466,3.88283,5.96121,,,
1540585763.7982442,3.88283,5.96121,,,
1540585763.8988583,3.88275,5.96147,,,
1540585764.0154696,3.88275,5.96147,,,
1540585764.1185963,3.88275,5.96147,,,
1540585764.2057524,3.8826,5.96147,0,0,0
1540585764.303714,3.8826,5.96147,,,
1540585764.4103866,3.8826,5.96147,,,
1540585764.5080194,3.8826,5.96147,,,
1540585764.5990922,3.88252,5.96199,,,
1540585764.7078385,3.88252,5.96199,,,
1540585764.809773,3.88252,5.96199,,,
1540585764.908259,3.88245,5.96225,,,
1540585765.0046961,3.88245,5.96225,,,
1540585765.1062806,3.88245,5.96225,,,
1540585765.2066467,3.88229,5.96225,0,0,0
1540585765.3200133,3.88229,5.96225,,,
1540585765.4199154,3.88229,5.96225,,,
1540585765.5103757,3.88229,5.96225,,,
1540585765.6088538,3.88222,5.96225,,,
1540585765.7135212,3.88222,5.96225,,,
1540585765.8144372,3.88222,5.96225,,,
1540585765.906835,3.88214,5.96225,,,
1540585766.0148602,3.88214,5.96225,,,
1540585766.1164083,3.88214,5.96225,,,
1540585766.2136378,3.88199,5.96225,0,0,0
1540585766.3054557,3.88199,5.96225,,,
1540585766.4147475,3.88199,5.96225,,,
1540585766.5100448,3.88199,5.96225,,,
1540585766.6303642,3.88191,5.96225,,,
1540585766.7309716,3.88191,5.96225,,,
1540585766.8252785,3.88191,5.96225,,,
1540585766.9214969,3.88184,5.96251,,,
1540585767.0188031,3.88184,5.96251,,,
1540585767.1217327,3.88184,5.96251,,,
1540585767.214147,3.88168,5.96251,0,0,0
1540585767.3182003,3.88168,5.96275,,,
1540585767.4250336,3.88168,5.96275,,,
1540585767.5389624,3.88161,5.96275,,,
1540585767.6430988,3.88161,5.96275,,,
1540585767.7248237,3.88161,5.96275,,,
1540585767.8261933,3.88161,5.96275,,,
1540585767.9315214,3.88153,5.96301,,,
1540585768.032784,3.88153,5.96301,,,
1540585768.1356976,3.88153,5.96301,,,
1540585768.231386,3.88145,5.96301,0,0,0
1540585768.3285098,3.88145,5.96301,,,
1540585768.4491408,3.88145,5.96301,,,
1540585768.5532446,3.88138,5.96301,,,
1540585768.6372833,3.88138,5.96327,,,
1540585768.7326388,3.88138,5.96327,,,
1540585768.8448398,3.88138,5.96327,,,
1540585768.9471378,3.88123,5.96353,,,
1540585769.0385888,3.88123,5.96353,,,
1540585769.1413622,3.88123,5.96353,,,
1540585769.2372158,3.88115,5.96353,0,0,0
1540585769.335355,3.88115,5.96353,,,
1540585769.4325674,3.88115,5.96353,,,
1540585769.5424957,3.88115,5.96353,,,
1540585769.6411493,3.88101,5.96379,,,
1540585769.756039,3.88101,5.96379,,,
1540585769.8583508,3.88101,5.96379,,,
1540585769.9474945,3.88094,5.96405,,,
1540585770.0429351,3.88094,5.96405,,,
1540585770.1513662,3.88094,5.96405,,,
1540585770.2530997,3.88086,5.96405,0,0,0
1540585770.346593,3.88086,5.96405,,,
1540585770.4422517,3.88086,5.96405,,,
1540585770.5419059,3.88086,5.96405,,,
1540585770.6407905,3.88071,5.96431,,,
1540585770.744958,3.88071,5.96431,,,
1540585770.8485978,3.88071,5.96431,,,
1540585770.9459147,3.88063,5.96455,,,
1540585771.060729,3.88063,5.96455,,,
1540585771.1616278,3.88063,5.96455,0,0,0
1540585771.246701,3.88055,5.96455,,,
1540585771.3456752,3.88055,5.96455,,,
1540585771.4562647,3.88055,5.96455,,,
1540585771.556709,3.8804,5.96455,,,
1540585771.647373,3.8804,5.96481,,,
1540585771.7445648,3.8804,5.96481,,,
1540585771.8517714,3.8804,5.96481,,,
1540585771.950119,3.88033,5.96507,,,
1540585772.0467756,3.88033,5.96507,,,
1540585772.1462228,3.88033,5.96507,,,
1540585772.242937,3.88025,5.96507,0,0,0
1540585772.3467467,3.88025,5.96507,,,
1540585772.446909,3.88025,5.96507,,,
1540585772.5473762,3.88025,5.96507,,,
1540585772.6469097,3.88017,5.96533,,,
1540585772.7605503,3.88017,5.96533,,,
1540585772.862407,3.88017,5.96533,,,
1540585772.949546,3.88002,5.96533,,,
1540585773.0480852,3.88002,5.96533,,,
1540585773.1507282,3.88002,5.96533,,,
1540585773.2531564,3.87994,5.96533,0,0,0
1540585773.3486776,3.87994,5.96533,,,
1540585773.4442334,3.87994,5.96533,,,
1540585773.545315,3.87994,5.96533,,,
1540585773.6567569,3.87987,5.96533,,,
1540585773.7479084,3.87987,5.96533,,,
1540585773.8445761,3.87987,5.96533,,,
1540585773.9449868,3.87979,5.96533,,,
1540585774.053673,3.87979,5.96533,,,
1540585774.1491845,3.87979,5.96533,,,
1540585774.245973,3.87964,5.96533,0,0,0
1540585774.3485134,3.87964,5.96559,,,
1540585774.4494836,3.87964,5.96559,,,
1540585774.5461545,3.87964,5.96559,,,
1540585774.6443517,3.87956,5.96585,,,
1540585774.7448528,3.87956,5.96585,,,
1540585774.8665743,3.87956,5.96585,,,
1540585774.9651816,3.87941,5.96585,,,
1540585775.0512693,3.87941,5.96611,,,
1540585775.146759,3.87941,5.96611,,,
1540585775.2575445,3.87933,5.96611,0,0,0
1540585775.3587441,3.87933,5.96635,,,
1540585775.450798,3.87933,5.96635,,,
1540585775.5558968,3.87933,5.96635,,,
1540585775.653297,3.87926,5.96635,,,
1540585775.7527947,3.87926,5.96635,,,
1540585775.8535624,3.87926,5.96635,,,
1540585775.9560435,3.87912,5.96635,,,
1540585776.0521278,3.87912,5.96635,,,
1540585776.165882,3.87912,5.96635,,,
1540585776.271198,3.87904,5.96635,0,0,0
1540585776.360429,3.87904,5.96661,,,
1540585776.4569685,3.87904,5.96661,,,
1540585776.558089,3.87904,5.96661,,,
1540585776.6605153,3.87897,5.96687,,,
1540585776.7567892,3.87897,5.96687,,,
1540585776.8562152,3.87897,5.96687,,,
1540585776.956419,3.87881,5.96713,,,
1540585777.0773642,3.87881,5.96713,,,
1540585777.1846395,3.87881,5.96713,0,0,0
1540585777.2700026,3.87874,5.96713,,,
1540585777.367929,3.87874,5.96739,,,
1540585777.4808095,3.87874,5.96739,,,
1540585777.582011,3.87866,5.96739,,,
1540585777.6702092,3.87866,5.96739,,,
1540585777.7703161,3.87866,5.96739,,,
1540585777.8690941,3.87866,5.96739,,,
1540585777.9717567,3.87859,5.96739,,,
1540585778.0709224,3.87859,5.96739,,,
1540585778.1688828,3.87859,5.96739,0,0,0
1540585778.2704146,3.87843,5.96739,,,
1540585778.3892143,3.87843,5.96765,,,
1540585778.4882193,3.87843,5.96765,,,
1540585778.5695212,3.87843,5.96765,,,
1540585778.6691608,3.87836,5.96791,,,
1540585778.7795303,3.87836,5.96791,,,
1540585778.8800578,3.87836,5.96791,,,
1540585778.9716427,3.87828,5.96815,,,
1540585779.0697758,3.87828,5.96815,,,
1540585779.1756685,3.87828,5.96815,0,0,0
1540585779.2752512,3.87813,5.96815,,,
1540585779.3694196,3.87813,5.96841,,,
1540585779.467923,3.87813,5.96841,,,
1540585779.5677385,3.87813,5.96841,,,
1540585779.6693373,3.87805,5.96841,,,
1540585779.7706964,3.87805,5.96841,,,
1540585779.8700151,3.87805,5.96841,,,
1540585779.9686084,3.87798,5.96841,,,
1540585780.0834553,3.87798,5.96841,,,
1540585780.18901,3.87798,5.96841,0,0,0
1540585780.271983,3.87782,5.96841,,,
1540585780.3714285,3.87782,5.96841,,,
1540585780.4787595,3.87782,5.96841,,,
1540585780.5817308,3.87782,5.96841,,,
1540585780.6712887,3.87775,5.96867,,,
1540585780.771387,3.87775,5.96867,,,
1540585780.8801427,3.87775,5.96867,,,
1540585780.9817455,3.87767,5.96867,,,
1540585781.0719163,3.87767,5.96919,,,
1540585781.1713765,3.87767,5.96919,0,0,0
1540585781.2799962,3.87752,5.96919,,,
1540585781.3800747,3.87752,5.96919,,,
1540585781.480632,3.87752,5.96919,,,
1540585781.5800316,3.87752,5.96919,,,
1540585781.6785898,3.87744,5.96945,,,
1540585781.7803426,3.87744,5.96945,,,
1540585781.8798237,3.87744,5.96945,,,
1540585781.980766,3.87737,5.96945,,,
1540585782.079615,3.87737,5.96945,,,
1540585782.1904163,3.87737,5.96945,0,0,0
1540585782.2945802,3.87723,5.96945,,,
1540585782.3783116,3.87723,5.96945,,,
1540585782.4770198,3.87723,5.96945,,,
1540585782.586867,3.87723,5.96945,,,
1540585782.6918528,3.87715,5.96945,,,
1540585782.780678,3.87715,5.96945,,,
1540585782.8805075,3.87715,5.96945,,,
1540585782.982802,3.87708,5.96945,,,
1540585783.0840552,3.87708,5.96945,,,
1540585783.1804953,3.87708,5.96945,0,0,0
1540585783.2780828,3.87692,5.96945,,,
1540585783.3795466,3.87692,5.96971,,,
1540585783.499474,3.87692,5.96971,,,
1540585783.597915,3.87692,5.96971,,,
1540585783.6828434,3.87685,5.96996,,,
1540585783.7807467,3.87685,5.96996,,,
1540585783.8880844,3.87685,5.96996,,,
1540585783.9905758,3.87677,5.96996,,,
1540585784.0802538,3.87677,5.96996,,,
1540585784.1787593,3.87677,5.96996,0,0,0
1540585784.279265,3.87662,5.96996,,,
1540585784.3809037,3.87662,5.97021,,,
1540585784.4792497,3.87662,5.97021,,,
1540585784.5792503,3.87662,5.97021,,,
1540585784.6789184,3.87654,5.97047,,,
1540585784.7995985,3.87654,5.97047,,,
1540585784.8994713,3.87654,5.97047,,,
1540585784.983085,3.87639,5.97047,,,
1540585785.081485,3.87639,5.97047,,,
1540585785.1903615,3.87639,5.97047,0,0,0
1540585785.2928565,3.87631,5.97047,,,
1540585785.383326,3.87631,5.97073,,,
1540585785.4808536,3.87631,5.97073,,,
1540585785.584415,3.87631,5.97073,,,
1540585785.6843064,3.87624,5.97099,,,
1540585785.7807605,3.87624,5.97099,,,
1540585785.8778431,3.87624,5.97099,,,
1540585785.9891536,3.87608,5.97099,,,
1540585786.1014752,3.87608,5.97125,,,
1540585786.2048128,3.87608,5.97125,0,0,0
1540585786.2828896,3.87608,5.97125,,,
1540585786.3862085,3.87601,5.97151,,,
1540585786.4938352,3.87601,5.97151,,,
1540585786.598088,3.87601,5.97151,,,
1540585786.6843321,3.87585,5.97202,,,
1540585786.7857842,3.87585,5.97202,,,
1540585786.889133,3.87585,5.97202,,,
1540585786.9912186,3.87578,5.97202,,,
1540585787.0898397,3.87578,5.97227,,,
1540585787.1900308,3.87578,5.97227,0,0,0
1540585787.2915363,3.87578,5.97227,,,
1540585787.4082208,3.8757,5.97253,,,
1540585787.510312,3.8757,5.97253,,,
1540585787.5904593,3.8757,5.97253,,,
1540585787.6881063,3.87563,5.97253,,,
1540585787.8023224,3.87563,5.97253,,,
1540585787.904536,3.87563,5.97253,,,
1540585787.9926562,3.87547,5.97253,,,
1540585788.0923395,3.87547,5.97253,,,
1540585788.2065282,3.87547,5.97253,0,0,0
1540585788.3071294,3.8754,5.97253,,,
1540585788.3950412,3.8754,5.97253,,,
1540585788.495578,3.8754,5.97253,,,
1540585788.5970898,3.8754,5.97253,,,
1540585788.696176,3.87526,5.97253,,,
1540585788.7964957,3.87526,5.97253,,,
1540585788.8959112,3.87526,5.97253,,,
1540585788.9955516,3.87518,5.97253,,,
1540585789.0956695,3.87518,5.97279,,,
1540585789.2132251,3.87518,5.97279,0,0,0
1540585789.2943149,3.87518,5.97279,,,
1540585789.3917816,3.87511,5.97279,,,
1540585789.5076716,3.87511,5.97279,,,
1540585789.6066973,3.87511,5.97279,,,
1540585789.6945064,3.87495,5.97305,,,
1540585789.7945235,3.87495,5.97305,,,
1540585789.8960905,3.87495,5.97305,,,
1540585789.9979541,3.87488,5.97305,,,
1540585790.0983338,3.87488,5.97331,,,
1540585790.1966264,3.87488,5.97331,0,0,0
1540585790.2983131,3.87488,5.97331,,,
1540585790.4148967,3.87473,5.97331,,,
1540585790.5142663,3.87473,5.97331,,,
1540585790.594962,3.87473,5.97331,,,
1540585790.6944683,3.87465,5.97356,,,
1540585790.807348,3.87465,5.97356,,,
1540585790.9093726,3.87465,5.97356,,,
1540585790.9979734,3.87457,5.97356,,,
1540585791.0998478,3.87457,5.97382,,,
1540585791.2090318,3.87457,5.97382,0,0,0
1540585791.3103478,3.87442,5.97382,,,
1540585791.4001281,3.87442,5.97382,,,
1540585791.5027306,3.87442,5.97382,,,
1540585791.6049645,3.87442,5.97382,,,
1540585791.7011197,3.87434,5.97408,,,
1540585791.801663,3.87434,5.97408,,,
1540585791.9011703,3.87434,5.97408,,,
1540585792.0003533,3.87427,5.97408,,,
1540585792.1024935,3.87427,5.97433,,,
1540585792.2012782,3.87427,5.97433,0,0,0
1540585792.3002164,3.87427,5.97433,,,
1540585792.4010293,3.87411,5.97433,,,
1540585792.5114539,3.87411,5.97433,,,
1540585792.6153748,3.87411,5.97433,,,
1540585792.6986167,3.87404,5.97459,,,
1540585792.7999141,3.87404,5.97459,,,
1540585792.909843,3.87404,5.97459,,,
1540585793.0117953,3.87396,5.97459,,,
1540585793.0987484,3.87396,5.97485,,,
1540585793.1965954,3.87396,5.97485,0,0,0
1540585793.3099284,3.87396,5.97485,,,
1540585793.4127522,3.87381,5.97485,,,
1540585793.5002441,3.87381,5.97485,,,
1540585793.5999331,3.87381,5.97485,,,
1540585793.7013195,3.87373,5.97511,,,
1540585793.8017442,3.87373,5.97511,,,
1540585793.901778,3.87373,5.97511,,,
1540585794.0002174,3.87366,5.97511,,,
1540585794.1018076,3.87366,5.97536,,,
1540585794.2178855,3.87366,5.97536,0,0,0
1540585794.317705,3.8735,5.97536,,,
1540585794.3985522,3.8735,5.97536,,,
1540585794.4979384,3.8735,5.97536,,,
1540585794.6089048,3.8735,5.97536,,,
1540585794.7124388,3.87343,5.97536,,,
1540585794.7989807,3.87343,5.97562,,,
1540585794.8996842,3.87343,5.97562,,,
1540585795.0025754,3.87329,5.97562,,,
1540585795.109253,3.87329,5.97562,,,
1540585795.206621,3.87329,5.97562,0,0,0
1540585795.3054523,3.87329,5.97562,,,
1540585795.405186,3.87321,5.97562,,,
1540585795.518828,3.87321,5.97562,,,
1540585795.6215572,3.87321,5.97562,,,
1540585795.7059374,3.87314,5.97562,,,
1540585795.804539,3.87314,5.97562,,,
1540585795.9107797,3.87314,5.97562,,,
1540585796.0190682,3.87299,5.97562,,,
1540585796.1022384,3.87299,5.97588,,,
1540585796.2032883,3.87299,5.97588,0,0,0
1540585796.3145287,3.87299,5.97588,,,
1540585796.4167478,3.87291,5.97614,,,
1540585796.5054944,3.87291,5.97614,,,
1540585796.6041675,3.87291,5.97614,,,
1540585796.707826,3.87276,5.97614,,,
1540585796.805364,3.87276,5.97639,,,
1540585796.9063451,3.87276,5.97639,,,
1540585797.0052614,3.87268,5.97639,,,
1540585797.1091287,3.87268,5.97665,,,
1540585797.2238045,3.87268,5.97665,0,0,0
1540585797.3252838,3.87268,5.97665,,,
1540585797.4113576,3.87253,5.97665,,,
1540585797.5134478,3.87253,5.97665,,,
1540585797.6188111,3.87253,5.97665,,,
1540585797.722187,3.87245,5.97665,,,
1540585797.8087397,3.87245,5.97665,,,
1540585797.9080503,3.87245,5.97665,,,
1540585798.0156357,3.87238,5.97665,,,
1540585798.118811,3.87238,5.97691,,,
1540585798.2067552,3.87238,5.97691,0,0,0
1540585798.3054674,3.87238,5.97691,,,
1540585798.4137294,3.87222,5.97716,,,
1540585798.5193193,3.87222,5.97716,,,
1540585798.6061766,3.87222,5.97716,,,
1540585798.7061403,3.87215,5.97716,,,
1540585798.8107672,3.87215,5.97742,,,
1540585798.9106393,3.87215,5.97742,,,
1540585799.0076091,3.87215,5.97742,,,
1540585799.1062043,3.87199,5.97768,,,
1540585799.2109556,3.87199,5.97768,0,0,0
1540585799.310861,3.87199,5.97768,,,
1540585799.4087257,3.87192,5.97768,,,
1540585799.508373,3.87192,5.97768,,,
1540585799.608797,3.87192,5.97768,,,
1540585799.7197108,3.87184,5.97768,,,
1540585799.820989,3.87184,5.97768,,,
1540585799.9115932,3.87184,5.97768,,,
1540585800.0137224,3.87184,5.97768,,,
1540585800.1143737,3.87177,5.97794,,,
1540585800.2122266,3.87177,5.97794,0,0,0
1540585800.3075361,3.87177,5.97794,,,
1540585800.4088044,3.87161,5.9782,,,
1540585800.5115726,3.87161,5.9782,,,
1540585800.6266232,3.87161,5.9782,,,
1540585800.7280686,3.87148,5.9782,,,
1540585800.8122132,3.87148,5.97845,,,
1540585800.9108303,3.87148,5.97845,,,
1540585801.0255156,3.8714,5.97845,,,
1540585801.1221275,3.8714,5.97871,,,
1540585801.207852,3.8714,5.97871,0,0,0
1540585801.3104365,3.8714,5.97871,,,
1540585801.417295,3.87132,5.97871,,,
1540585801.514761,3.87132,5.97871,,,
1540585801.6134953,3.87132,5.97871,,,
1540585801.707653,3.87117,5.97871,,,
1540585801.823359,3.87117,5.97896,,,
1540585801.9166777,3.87117,5.97896,,,
1540585802.0107627,3.87117,5.97896,,,
1540585802.1113262,3.87109,5.97922,,,
1540585802.2155614,3.87109,5.97922,0,0,0
1540585802.3251143,3.87109,5.97922,,,
1540585802.429439,3.87094,5.97948,,,
1540585802.5122116,3.87094,5.97948,,,
1540585802.6126788,3.87094,5.97948,,,
1540585802.7208068,3.87086,5.97948,,,
1540585802.8232458,3.87086,5.97948,,,
1540585802.912448,3.87086,5.97948,,,
1540585803.0122511,3.87086,5.97948,,,
1540585803.1213887,3.87071,5.97974,,,
1540585803.2237306,3.87071,5.97974,0,0,0
1540585803.3121912,3.87071,5.97974,,,
1540585803.4110782,3.87064,5.97974,,,
1540585803.5167775,3.87064,5.97974,,,
1540585803.6169806,3.87064,5.97974,,,
1540585803.714588,3.87056,5.97974,,,
1540585803.8116765,3.87056,5.97974,,,
1540585803.9142728,3.87056,5.97974,,,
1540585804.0333066,3.87041,5.97974,,,
1540585804.114496,3.87041,5.97974,,,
1540585804.2145958,3.87041,5.97974,0,0,0
1540585804.314177,3.87041,5.97974,,,
1540585804.4244509,3.87033,5.98,,,
1540585804.5273428,3.87033,5.98,,,
1540585804.6112907,3.87033,5.98,,,
1540585804.7136703,3.87025,5.98,,,
1540585804.823217,3.87025,5.98,,,
1540585804.926599,3.87025,5.98,,,
1540585805.016004,3.87025,5.98,,,
1540585805.114087,3.8701,5.98026,,,
1540585805.215464,3.8701,5.98026,0,0,0
1540585805.3192208,3.8701,5.98026,,,
1540585805.4168513,3.86995,5.98026,,,
1540585805.5172207,3.86995,5.98051,,,
1540585805.616201,3.86995,5.98051,,,
1540585805.7350607,3.86987,5.98051,,,
1540585805.8345816,3.86987,5.98076,,,
1540585805.9187288,3.86987,5.98076,,,
1540585806.0173159,3.86987,5.98076,,,
1540585806.1268055,3.8698,5.98076,,,
1540585806.2288346,3.8698,5.98076,0,0,0
1540585806.316242,3.8698,5.98076,,,
1540585806.4160018,3.86964,5.98076,,,
1540585806.52073,3.86964,5.98102,,,
1540585806.6225214,3.86964,5.98102,,,
1540585806.7189362,3.86957,5.98102,,,
1540585806.8160217,3.86957,5.98128,,,
1540585806.9186985,3.86957,5.98128,,,
1540585807.038281,3.86957,5.98128,,,
1540585807.1197062,3.86943,5.98154,,,
1540585807.219481,3.86943,5.98154,0,0,0
1540585807.318448,3.86943,5.98154,,,
1540585807.4309628,3.86935,5.98154,,,
1540585807.5346227,3.86935,5.98154,,,
1540585807.6165206,3.86935,5.98154,,,
1540585807.7165627,3.8692,5.98154,,,
1540585807.8270645,3.8692,5.9818,,,
1540585807.9268494,3.8692,5.9818,,,
1540585808.0222094,3.8692,5.9818,,,
1540585808.1191459,3.86913,5.98206,,,
1540585808.219217,3.86913,5.98206,0,0,0
1540585808.322222,3.86913,5.98206,,,
1540585808.4230907,3.86905,5.98206,,,
1540585808.5195215,3.86905,5.98206,,,
1540585808.6198633,3.86905,5.98206,,,
1540585808.7356596,3.8689,5.98206,,,
1540585808.8353896,3.8689,5.98232,,,
1540585808.921248,3.8689,5.98232,,,
1540585809.0204544,3.8689,5.98232,,,
1540585809.1284091,3.86874,5.98256,,,
1540585809.22599,3.86874,5.98256,0,0,0
1540585809.3223138,3.86874,5.98256,,,
1540585809.4199364,3.86867,5.98256,,,
1540585809.521804,3.86867,5.98282,,,
1540585809.6299472,3.86867,5.98282,,,
1540585809.7469754,3.86852,5.98282,,,
1540585809.8283458,3.86852,5.98282,,,
1540585809.924563,3.86852,5.98282,,,
1540585810.0356936,3.86852,5.98282,,,
1540585810.1356468,3.86844,5.98308,,,
1540585810.2257876,3.86844,5.98308,0,0,0
1540585810.3249288,3.86844,5.98308,,,
1540585810.4254687,3.86829,5.98308,,,
1540585810.5265706,3.86829,5.98334,,,
1540585810.6211824,3.86829,5.98334,,,
1540585810.7228985,3.86829,5.98334,,,
1540585810.8343623,3.86821,5.9836,,,
1540585810.946793,3.86821,5.9836,,,
1540585811.0449104,3.86821,5.9836,,,
1540585811.130473,3.86806,5.98386,,,
1540585811.2275493,3.86806,5.98386,0,0,0
1540585811.3360238,3.86806,5.98386,,,
1540585811.4390259,3.86798,5.98386,,,
1540585811.529329,3.86798,5.98386,,,
1540585811.6275237,3.86798,5.98386,,,
1540585811.7273433,3.86798,5.98386,,,
1540585811.8296225,3.8679,5.98412,,,
1540585811.927913,3.8679,5.98412,,,
1540585812.0277755,3.8679,5.98412,,,
1540585812.127976,3.86775,5.98436,,,
1540585812.2452078,3.86775,5.98436,0,0,0
1540585812.3484247,3.86775,5.98436,,,
1540585812.4321847,3.86768,5.98436,,,
1540585812.533398,3.86768,5.98436,,,
1540585812.6418722,3.86768,5.98436,,,
1540585812.7455065,3.86754,5.98436,,,
1540585812.8402817,3.86754,5.98462,,,
1540585812.9420443,3.86754,5.98462,,,
1540585813.0458791,3.86754,5.98462,,,
1540585813.1425014,3.86739,5.98488,,,
1540585813.2424798,3.86739,5.98488,0,0,0
1540585813.3376687,3.86739,5.98488,,,
1540585813.4417176,3.86731,5.98488,,,
1540585813.5594087,3.86731,5.98514,,,
1540585813.6407728,3.86731,5.98514,,,
1540585813.7388813,3.86731,5.98514,,,
1540585813.841983,3.86716,5.98514,,,
1540585813.9496257,3.86716,5.98514,,,
1540585814.0524917,3.86716,5.98514,,,
1540585814.1428685,3.86708,5.9854,,,
1540585814.2422657,3.86708,5.9854,0,0,0
1540585814.34276,3.86708,5.9854,,,
1540585814.4411647,3.86693,5.9854,,,
1540585814.5386772,3.86693,5.98566,,,
1540585814.640123,3.86693,5.98566,,,
1540585814.7447538,3.86693,5.98566,,,
1540585814.8615437,3.86685,5.98592,,,
1540585814.9411497,3.86685,5.98592,,,
1540585815.0426743,3.86685,5.98592,,,
1540585815.1448662,3.86678,5.98592,,,
1540585815.3208685,3.86678,5.98592,,,
1540585815.4800174,3.82741,8.04269,,,
1540585815.6442852,3.82741,8.04269,,,
1540585815.800005,3.80849,8.703,,,
1540585815.958521,3.80849,8.703,,,
1540585816.1393373,3.80698,8.703,,,
1540585816.3038843,3.80698,8.70634,,,
1540585816.460442,3.80577,8.70634,,,
1540585816.6159751,3.80577,8.70866,,,
1540585816.7998803,3.80478,8.70866,,,
1540585816.882151,3.80478,8.71098,0,0,0
1540585816.9824696,3.80478,8.71098,0,0,0
1540585817.0831983,3.80478,8.71098,,,
1540585817.1956558,3.8465,6.49677,0,0,0
1540585817.283986,3.8465,6.49677,,,
1540585817.3809655,3.8465,6.49677,,,
1540585817.481378,3.8614,5.99388,,,
1540585817.5846589,3.8614,5.99388,,,
1540585817.6821773,3.8614,5.99388,,,
1540585817.7817056,3.86208,5.99388,,,
1540585817.8814466,3.86208,5.99286,,,
1540585818.0020137,3.86208,5.99286,,,
1540585818.106897,3.86238,5.99286,,,
1540585818.187023,3.86238,5.99234,0,0,0
1540585818.282649,3.86238,5.99234,,,
1540585818.4035034,3.86238,5.99234,,,
1540585818.5016289,3.86261,5.99182,,,
1540585818.5823414,3.86261,5.99182,,,
1540585818.6816752,3.86261,5.99182,,,
1540585818.784585,3.86269,5.99182,,,
1540585818.8968365,3.86269,5.99182,,,
1540585819.0177143,3.86269,5.99182,,,
1540585819.0902102,3.86269,5.99182,,,
1540585819.1808643,3.86284,5.99156,0,0,0
1540585819.2851114,3.86284,5.99156,,,
1540585819.3827503,3.86284,5.99156,,,
1540585819.483969,3.86284,5.99156,,,
1540585819.5841346,3.86284,5.99156,,,
1540585819.7034879,3.86284,5.99156,,,
1540585819.8066802,3.86284,5.99156,,,
1540585819.88194,3.86284,5.99156,,,
1540585819.9842143,3.86284,5.99156,,,
1540585820.0916624,3.86284,5.99156,,,
1540585820.1964364,3.86284,5.99156,0,0,0
1540585820.2862659,3.86284,5.99156,,,
1540585820.3867557,3.86284,5.99156,,,
1540585820.4854047,3.86284,5.99156,,,
1540585820.5892398,3.86284,5.99156,,,
1540585820.6856258,3.86284,5.99156,,,
1540585820.7863362,3.86276,5.99156,,,
1540585820.8896055,3.86276,5.99156,,,
1540585820.9878242,3.86276,5.99156,,,
1540585821.0856273,3.86276,5.99156,,,
1540585821.206657,3.86276,5.99182,0,0,0
1540585821.2930944,3.86276,5.99182,,,
1540585821.4037263,3.86276,5.99182,,,
1540585821.512738,3.86269,5.99182,,,
1540585821.5964487,3.86269,5.99182,,,
1540585821.692322,3.86269,5.99182,,,
1540585821.79272,3.86261,5.99182,,,
1540585821.9016469,3.86261,5.99182,,,
1540585821.9911246,3.86261,5.99182,,,
1540585822.0908043,3.86261,5.99182,,,
1540585822.1911926,3.86253,5.99208,0,0,0
1540585822.2966042,3.86253,5.99208,,,
1540585822.3919542,3.86253,5.99208,,,
1540585822.488631,3.86246,5.99208,,,
1540585822.5904613,3.86246,5.99208,,,
1540585822.6918244,3.86246,5.99208,,,
1540585822.7902992,3.86246,5.99208,,,
1540585822.8913066,3.86246,5.99234,,,
1540585822.9913056,3.86246,5.99234,,,
1540585823.1022844,3.86246,5.99234,,,
1540585823.21223,3.86238,5.99234,0,0,0
1540585823.2940996,3.86238,5.99234,,,
1540585823.4081256,3.86238,5.99234,,,
1540585823.5025868,3.8623,5.9926,,,
1540585823.6058073,3.8623,5.9926,,,
1540585823.6853173,3.8623,5.9926,,,
1540585823.788984,3.86215,5.9926,,,
1540585823.8955395,3.86215,5.9926,,,
1540585823.993005,3.86215,5.9926,,,
1540585824.0912416,3.86215,5.9926,,,
1540585824.1912105,3.86208,5.99286,0,0,0
1540585824.2880068,3.86208,5.99286,,,
1540585824.4115543,3.86208,5.99286,,,
1540585824.4910147,3.862,5.99286,,,
1540585824.5889168,3.862,5.99312,,,
1540585824.6961915,3.862,5.99312,,,
1540585824.80012,3.86192,5.99312,,,
1540585824.91513,3.86192,5.99312,,,
1540585825.0053365,3.86192,5.99312,,,
1540585825.0925846,3.86192,5.99312,,,
1540585825.1989553,3.86186,5.99336,0,0,0
1540585825.3021026,3.86186,5.99336,,,
1540585825.4017956,3.86186,5.99336,,,
1540585825.4997964,3.86171,5.99336,,,
1540585825.5962844,3.86171,5.99336,,,
1540585825.710059,3.86171,5.99336,,,
1540585825.7965343,3.86171,5.99336,,,
1540585825.8969636,3.86163,5.99362,,,
1540585825.996971,3.86163,5.99362,,,
1540585826.105076,3.86163,5.99362,,,
1540585826.2158308,3.86156,5.99388,0,0,0
1540585826.297309,3.86156,5.99388,,,
1540585826.3981693,3.86156,5.99388,,,
1540585826.502904,3.86148,5.99388,,,
1540585826.6118152,3.86148,5.99388,,,
1540585826.6962802,3.86148,5.99388,,,
1540585826.7985644,3.86148,5.99388,,,
1540585826.9062445,3.86133,5.99414,,,
1540585827.006093,3.86133,5.99414,,,
1540585827.1058605,3.86133,5.99414,,,
1540585827.2033691,3.86125,5.9944,0,0,0
1540585827.302974,3.86125,5.9944,,,
1540585827.4033453,3.86125,5.9944,,,
1540585827.5032694,3.8611,5.9944,,,
1540585827.6033869,3.8611,5.9944,,,
1540585827.7038271,3.8611,5.9944,,,
1540585827.8144033,3.86102,5.9944,,,
1540585827.9189322,3.86102,5.99466,,,
1540585828.0051782,3.86102,5.99466,,,
1540585828.1058092,3.86102,5.99466,,,
1540585828.2083607,3.86095,5.99492,0,0,0
1540585828.310299,3.86095,5.99492,,,
1540585828.4056273,3.86095,5.99492,,,
1540585828.5051374,3.86079,5.99492,,,
1540585828.6054013,3.86079,5.99516,,,
1540585828.704935,3.86079,5.99516,,,
1540585828.8017936,3.86079,5.99516,,,
1540585828.9056544,3.86072,5.99516,,,
1540585829.0054235,3.86072,5.99516,,,
1540585829.1069787,3.86072,5.99516,,,
1540585829.2341616,3.86057,5.99542,0,0,0
1540585829.308457,3.86057,5.99542,,,
1540585829.4062998,3.86057,5.99542,,,
1540585829.5174735,3.86049,5.99542,,,
1540585829.62539,3.86049,5.99568,,,
1540585829.7092836,3.86049,5.99568,,,
1540585829.8084195,3.86049,5.99568,,,
1540585829.9141645,3.86034,5.99594,,,
1540585830.022904,3.86034,5.99594,,,
1540585830.1104233,3.86034,5.99594,,,
1540585830.2061388,3.86026,5.99594,0,0,0
1540585830.308041,3.86026,5.99594,,,
1540585830.4097733,3.86026,5.99594,,,
1540585830.5091007,3.86011,5.99594,,,
1540585830.6054847,3.86011,5.9962,,,
1540585830.7082736,3.86011,5.9962,,,
1540585830.8241599,3.86003,5.9962,,,
1540585830.909252,3.86003,5.99646,,,
1540585831.0072892,3.86003,5.99646,,,
1540585831.1081092,3.86003,5.99646,,,
1540585831.216149,3.85995,5.99646,0,0,0
1540585831.32248,3.85995,5.99646,,,
1540585831.4120166,3.85995,5.99646,,,
1540585831.509029,3.85982,5.99646,,,
1540585831.6089015,3.85982,5.99672,,,
1540585831.7120721,3.85982,5.99672,,,
1540585831.8095589,3.85982,5.99672,,,
1540585831.9093862,3.85974,5.99696,,,
1540585832.0094767,3.85974,5.99696,,,
1540585832.1279285,3.85974,5.99696,,,
1540585832.2343578,3.85959,5.99722,0,0,0
1540585832.3151047,3.85959,5.99722,,,
1540585832.4112217,3.85959,5.99722,,,
1540585832.5195148,3.85951,5.99722,,,
1540585832.6257045,3.85951,5.99722,,,
1540585832.7147548,3.85951,5.99722,,,
1540585832.8127787,3.85951,5.99722,,,
1540585832.9180317,3.85936,5.99748,,,
1540585833.0278409,3.85936,5.99748,,,
1540585833.1137354,3.85936,5.99748,,,
1540585833.2127583,3.85921,5.99774,0,0,0
1540585833.316835,3.85921,5.99774,,,
1540585833.4243708,3.85921,5.99774,,,
1540585833.5142787,3.85913,5.99774,,,
1540585833.615164,3.85913,5.998,,,
1540585833.7176445,3.85913,5.998,,,
1540585833.826067,3.85913,5.998,,,
1540585833.9197962,3.85898,5.99826,,,
1540585834.0192797,3.85898,5.99826,,,
1540585834.1211958,3.85898,5.99826,,,
1540585834.2402127,3.8589,5.99826,0,0,0
1540585834.3222215,3.8589,5.99826,,,
1540585834.4224632,3.8589,5.99826,,,
1540585834.5182405,3.85875,5.99826,,,
1540585834.6157403,3.85875,5.99826,,,
1540585834.7185445,3.85875,5.99826,,,
1540585834.8166237,3.85875,5.99826,,,
1540585834.9159567,3.85867,5.99826,,,
1540585835.029499,3.85867,5.99826,,,
1540585835.138832,3.85867,5.99826,,,
1540585835.2248688,3.85852,5.99826,0,0,0
1540585835.3242722,3.85852,5.99826,,,
1540585835.420185,3.85852,5.99826,,,
1540585835.5251384,3.85837,5.99826,,,
1540585835.620349,3.85837,5.99852,,,
1540585835.7197456,3.85837,5.99852,,,
1540585835.8198779,3.85837,5.99852,,,
1540585835.9198694,3.85829,5.99876,,,
1540585836.0186374,3.85829,5.99876,,,
1540585836.1194701,3.85829,5.99876,,,
1540585836.2207685,3.85814,5.99876,0,0,0
1540585836.3371117,3.85814,5.99928,,,
1540585836.4472556,3.85814,5.99928,,,
1540585836.5252376,3.858,5.99928,,,
1540585836.619632,3.858,5.99928,,,
1540585836.730977,3.858,5.99928,,,
1540585836.8368216,3.858,5.99928,,,
1540585836.9298854,3.85793,5.99928,,,
1540585837.0243225,3.85793,5.99928,,,
1540585837.1354249,3.85793,5.99928,,,
1540585837.2345102,3.85777,5.99928,0,0,0
1540585837.3281577,3.85777,5.9998,,,
1540585837.4256074,3.85777,5.9998,,,
1540585837.5237308,3.85762,5.9998,,,
1540585837.6243541,3.85762,6.00006,,,
1540585837.7253928,3.85762,6.00006,,,
1540585837.83628,3.85762,6.00006,,,
1540585837.9392073,3.85754,6.00032,,,
1540585838.0418742,3.85754,6.00032,,,
1540585838.1488636,3.85754,6.00032,,,
1540585838.229231,3.85739,6.00032,0,0,0
1540585838.3257148,3.85739,6.00032,,,
1540585838.433114,3.85739,6.00032,,,
1540585838.5419967,3.85724,6.00032,,,
1540585838.6287646,3.85724,6.00056,,,
1540585838.727843,3.85724,6.00056,,,
1540585838.8334372,3.85724,6.00056,,,
1540585838.9408262,3.85716,6.00082,,,
1540585839.0321372,3.85716,6.00082,,,
1540585839.1263835,3.85716,6.00082,,,
1540585839.2309554,3.85701,6.00082,0,0,0
1540585839.3318684,3.85701,6.00108,,,
1540585839.431032,3.85701,6.00108,,,
1540585839.5254512,3.85686,6.00108,,,
1540585839.6271837,3.85686,6.00134,,,
1540585839.7270834,3.85686,6.00134,,,
1540585839.829752,3.85686,6.00134,,,
1540585839.9297297,3.8567,6.00134,,,
1540585840.0301955,3.8567,6.00134,,,
1540585840.1427963,3.8567,6.00134,,,
1540585840.2514422,3.85663,6.00134,0,0,0
1540585840.3379352,3.85663,6.0016,,,
1540585840.4298632,3.85663,6.0016,,,
1540585840.5422194,3.85648,6.0016,,,
1540585840.651181,3.85648,6.00186,,,
1540585840.7364464,3.85648,6.00186,,,
1540585840.8307285,3.85648,6.00186,,,
1540585840.9335709,3.85632,6.00237,,,
1540585841.034694,3.85632,6.00237,,,
1540585841.1328275,3.85632,6.00237,,,
1540585841.227214,3.85617,6.00237,0,0,0
1540585841.3323343,3.85617,6.00237,,,
1540585841.4314194,3.85617,6.00237,,,
1540585841.5336897,3.85617,6.00237,,,
1540585841.6296742,3.85611,6.00237,,,
1540585841.7332177,3.85611,6.00237,,,
1540585841.8444266,3.85611,6.00237,,,
1540585841.9459467,3.85596,6.00237,,,
1540585842.0334477,3.85596,6.00237,,,
1540585842.1336858,3.85596,6.00237,,,
1540585842.2391872,3.8558,6.00237,0,0,0
1540585842.3401775,3.8558,6.00262,,,
1540585842.435549,3.8558,6.00262,,,
1540585842.5353534,3.8558,6.00262,,,
1540585842.6345897,3.85565,6.00288,,,
1540585842.7342029,3.85565,6.00288,,,
1540585842.8336275,3.85565,6.00288,,,
1540585842.9357042,3.85558,6.00288,,,
1540585843.034823,3.85558,6.00288,,,
1540585843.1512144,3.85558,6.00288,,,
1540585843.2556937,3.85542,6.00288,0,0,0
1540585843.3351858,3.85542,6.00314,,,
1540585843.4430308,3.85542,6.00314,,,
1540585843.547738,3.85527,6.00314,,,
1540585843.650214,3.85527,6.0034,,,
1540585843.7444143,3.85527,6.0034,,,
1540585843.8382666,3.85527,6.0034,,,
1540585843.9468112,3.85512,6.00366,,,
1540585844.0465312,3.85512,6.00366,,,
1540585844.1394773,3.85512,6.00366,,,
1540585844.2387347,3.85504,6.00366,0,0,0
1540585844.338171,3.85504,6.00392,,,
1540585844.4470937,3.85504,6.00392,,,
1540585844.5462124,3.85504,6.00392,,,
1540585844.6440923,3.85489,6.00417,,,
1540585844.7395802,3.85489,6.00417,,,
1540585844.8546839,3.85489,6.00417,,,
1540585844.959439,3.85474,6.00443,,,
1540585845.0410845,3.85474,6.00443,,,
1540585845.14374,3.85474,6.00443,,,
1540585845.245671,3.85458,6.00443,0,0,0
1540585845.348189,3.85458,6.00468,,,
1540585845.4397228,3.85458,6.00468,,,
1540585845.5433476,3.85458,6.00468,,,
1540585845.642199,3.85451,6.00468,,,
1540585845.7470002,3.85451,6.00468,,,
1540585845.8444636,3.85451,6.00468,,,
1540585845.9425347,3.85428,6.00494,,,
1540585846.0425544,3.85428,6.00494,,,
1540585846.156144,3.85428,6.00494,,,
1540585846.25919,3.8542,6.00494,0,0,0
1540585846.3446462,3.8542,6.0052,,,
1540585846.4409258,3.8542,6.0052,,,
1540585846.5492992,3.8542,6.0052,,,
1540585846.6546762,3.85406,6.00546,,,
1540585846.7441733,3.85406,6.00546,,,
1540585846.8434026,3.85406,6.00546,,,
1540585846.9531596,3.85391,6.00572,,,
1540585847.0510163,3.85391,6.00572,,,
1540585847.1436727,3.85391,6.00572,,,
1540585847.2431881,3.85376,6.00572,0,0,0
1540585847.3424056,3.85376,6.00598,,,
1540585847.4467003,3.85376,6.00598,,,
1540585847.550717,3.85376,6.00598,,,
1540585847.6492596,3.85361,6.00623,,,
1540585847.744821,3.85361,6.00623,,,
1540585847.8608985,3.85361,6.00623,,,
1540585847.9639065,3.85345,6.00623,,,
1540585848.0481398,3.85345,6.00648,,,
1540585848.145459,3.85345,6.00648,,,
1540585848.254285,3.8533,6.00648,0,0,0
1540585848.3591354,3.8533,6.00674,,,
1540585848.4473732,3.8533,6.00674,,,
1540585848.546996,3.8533,6.00674,,,
1540585848.6481519,3.85315,6.007,,,
1540585848.7494748,3.85315,6.007,,,
1540585848.8482993,3.85315,6.007,,,
1540585848.9482627,3.85307,6.007,,,
1540585849.048222,3.85307,6.00726,,,
1540585849.1611066,3.85307,6.00726,,,
1540585849.2685323,3.85284,6.00726,0,0,0
1540585849.351174,3.85284,6.00752,,,
1540585849.4469101,3.85284,6.00752,,,
1540585849.5573504,3.85284,6.00752,,,
1540585849.6632774,3.85277,6.00778,,,
1540585849.748935,3.85277,6.00778,,,
1540585849.8488746,3.85277,6.00778,,,
1540585849.9552252,3.85262,6.00803,,,
1540585850.061398,3.85262,6.00803,,,
1540585850.14956,3.85262,6.00803,0,0,0
1540585850.2497723,3.85246,6.00803,,,
1540585850.3558178,3.85246,6.00829,,,
1540585850.455133,3.85246,6.00829,,,
1540585850.550669,3.85246,6.00829,,,
1540585850.650253,3.85231,6.00854,,,
1540585850.7506144,3.85231,6.00854,,,
1540585850.8544147,3.85231,6.00854,,,
1540585850.9531307,3.85217,6.00854,,,
1540585851.0533597,3.85217,6.0088,,,
1540585851.1519885,3.85217,6.0088,,,
1540585851.2705588,3.85202,6.0088,0,0,0
1540585851.3776996,3.85202,6.00906,,,
1540585851.4544332,3.85202,6.00906,,,
1540585851.5515354,3.85202,6.00906,,,
1540585851.661232,3.85187,6.00932,,,
1540585851.7648704,3.85187,6.00932,,,
1540585851.8542433,3.85187,6.00932,,,
1540585851.9521394,3.85172,6.00932,,,
1540585852.0553906,3.85172,6.00958,,,
1540585852.1581259,3.85172,6.00958,0,0,0
1540585852.2537305,3.85156,6.00958,,,
1540585852.3533616,3.85156,6.00958,,,
1540585852.4536424,3.85156,6.00958,,,
1540585852.5531633,3.85156,6.00958,,,
1540585852.6531174,3.85141,6.00958,,,
1540585852.75422,3.85141,6.00958,,,
1540585852.853377,3.85141,6.00958,,,
1540585852.9667397,3.85126,6.00958,,,
1540585853.0718439,3.85126,6.00958,,,
1540585853.1580188,3.85126,6.00958,0,0,0
1540585853.254963,3.8511,6.00958,,,
1540585853.3653424,3.8511,6.00983,,,
1540585853.4683378,3.8511,6.00983,,,
1540585853.5562725,3.8511,6.00983,,,
1540585853.6585448,3.85095,6.01035,,,
1540585853.759158,3.85095,6.01035,,,
1540585853.858291,3.85095,6.01035,,,
1540585853.9576812,3.8508,6.01035,,,
1540585854.0570061,3.8508,6.0106,,,
1540585854.1567507,3.8508,6.0106,0,0,0
1540585854.2758937,3.85065,6.0106,,,
1540585854.3843877,3.85065,6.0106,,,
1540585854.4687855,3.85065,6.0106,,,
1540585854.5649,3.85065,6.0106,,,
1540585854.6781616,3.85049,6.01112,,,
1540585854.7841847,3.85049,6.01112,,,
1540585854.867145,3.85049,6.01112,,,
1540585854.9662843,3.85034,6.01112,,,
1540585855.0770853,3.85034,6.01138,,,
1540585855.1786644,3.85034,6.01138,0,0,0
1540585855.2681296,3.8502,6.01138,,,
1540585855.3673327,3.8502,6.01163,,,
1540585855.4702554,3.8502,6.01163,,,
1540585855.5694568,3.8502,6.01163,,,
1540585855.6698644,3.85005,6.01163,,,
1540585855.7683237,3.85005,6.01163,,,
1540585855.8717868,3.85005,6.01163,,,
1540585855.9869528,3.8499,6.01215,,,
1540585856.0890636,3.8499,6.01215,,,
1540585856.1692324,3.8499,6.01215,0,0,0
1540585856.2647066,3.8499,6.01215,,,
1540585856.3764765,3.84975,6.01241,,,
1540585856.4798207,3.84975,6.01241,,,
1540585856.570786,3.84975,6.01241,,,
1540585856.6653368,3.84959,6.01266,,,
1540585856.7714758,3.84959,6.01266,,,
1540585856.8748229,3.84959,6.01266,,,
1540585856.973198,3.84944,6.01266,,,
1540585857.0681398,3.84944,6.01266,,,
1540585857.1723268,3.84944,6.01266,0,0,0
1540585857.2699187,3.84944,6.01266,,,
1540585857.3937886,3.84929,6.01318,,,
1540585857.47226,3.84929,6.01318,,,
1540585857.5703654,3.84929,6.01318,,,
1540585857.6825294,3.84914,6.01343,,,
1540585857.789058,3.84914,6.01343,,,
1540585857.8743231,3.84914,6.01343,,,
1540585857.9692194,3.84898,6.01343,,,
1540585858.08601,3.84898,6.01369,,,
1540585858.1833587,3.84898,6.01369,0,0,0
1540585858.2769995,3.84898,6.01369,,,
1540585858.3719687,3.84883,6.01369,,,
1540585858.481452,3.84883,6.01369,,,
1540585858.5859861,3.84883,6.01369,,,
1540585858.6740208,3.84868,6.01369,,,
1540585858.7721074,3.84868,6.01369,,,
1540585858.8821867,3.84868,6.01369,,,
1540585858.9786127,3.84853,6.01369,,,
1540585859.0746896,3.84853,6.01395,,,
1540585859.1721785,3.84853,6.01395,0,0,0
1540585859.2768714,3.84853,6.01395,,,
1540585859.3716044,3.84839,6.01421,,,
1540585859.4729333,3.84839,6.01421,,,
1540585859.5712862,3.84839,6.01421,,,
1540585859.673803,3.84816,6.01447,,,
1540585859.7855587,3.84816,6.01447,,,
1540585859.8998964,3.84816,6.01447,,,
1540585859.979169,3.84808,6.01447,,,
1540585860.0735593,3.84808,6.01472,,,
1540585860.1781337,3.84808,6.01472,0,0,0
1540585860.2781537,3.84808,6.01472,,,
1540585860.3758094,3.84793,6.01498,,,
1540585860.474148,3.84793,6.01498,,,
1540585860.5728436,3.84793,6.01498,,,
1540585860.672054,3.8477,6.01523,,,
1540585860.774555,3.8477,6.01523,,,
1540585860.8744297,3.8477,6.01523,,,
1540585860.9759338,3.84755,6.01523,,,
1540585861.0842714,3.84755,6.01549,,,
1540585861.1881645,3.84755,6.01549,0,0,0
1540585861.282441,3.84755,6.01549,,,
1540585861.3772507,3.8474,6.01575,,,
1540585861.4867783,3.8474,6.01575,,,
1540585861.588028,3.8474,6.01575,,,
1540585861.6837385,3.84724,6.01601,,,
1540585861.7755532,3.84724,6.01601,,,
1540585861.8786926,3.84724,6.01601,,,
1540585861.9785104,3.84709,6.01601,,,
1540585862.0784786,3.84709,6.01627,,,
1540585862.1820567,3.84709,6.01627,0,0,0
1540585862.2779577,3.84709,6.01627,,,
1540585862.3961716,3.84694,6.01678,,,
1540585862.5040216,3.84694,6.01678,,,
1540585862.5845401,3.84694,6.01678,,,
1540585862.679736,3.84671,6.01678,,,
1540585862.789225,3.84671,6.01703,,,
1540585862.895985,3.84671,6.01703,,,
1540585862.9827046,3.84656,6.01703,,,
1540585863.080407,3.84656,6.01729,,,
1540585863.1876962,3.84656,6.01729,0,0,0
1540585863.2954423,3.84656,6.01729,,,
1540585863.3846176,3.84642,6.01755,,,
1540585863.4831688,3.84642,6.01755,,,
1540585863.5867522,3.84642,6.01755,,,
1540585863.6920135,3.84627,6.01755,,,
1540585863.7833207,3.84627,6.01781,,,
1540585863.8831942,3.84627,6.01781,,,
1540585863.9836638,3.84612,6.01781,,,
1540585864.0882306,3.84612,6.01781,,,
1540585864.1839323,3.84612,6.01781,0,0,0
1540585864.2837486,3.84612,6.01781,,,
1540585864.3829114,3.84589,6.01781,,,
1540585864.501782,3.84589,6.01781,,,
1540585864.6050446,3.84589,6.01781,,,
1540585864.6845367,3.84573,6.01781,,,
1540585864.7845812,3.84573,6.01807,,,
1540585864.893623,3.84573,6.01807,,,
1540585865.000132,3.84558,6.01807,,,
1540585865.0904138,3.84558,6.01859,,,
1540585865.184651,3.84558,6.01859,0,0,0
1540585865.288454,3.84558,6.01859,,,
1540585865.3887587,3.84543,6.01909,,,
1540585865.4856246,3.84543,6.01909,,,
1540585865.5863419,3.84543,6.01909,,,
1540585865.6850576,3.84528,6.01909,,,
1540585865.7872555,3.84528,6.01935,,,
1540585865.8877633,3.84528,6.01935,,,
1540585865.99146,3.84512,6.01935,,,
1540585866.0920026,3.84512,6.01987,,,
1540585866.2029536,3.84512,6.01987,0,0,0
1540585866.2985468,3.84512,6.01987,,,
1540585866.3908417,3.84489,6.02013,,,
1540585866.486524,3.84489,6.02013,,,
1540585866.5935347,3.84489,6.02013,,,
1540585866.7000225,3.84474,6.02013,,,
1540585866.7900915,3.84474,6.02039,,,
1540585866.888555,3.84474,6.02039,,,
1540585866.9937935,3.84459,6.02039,,,
1540585867.0929832,3.84459,6.02063,,,
1540585867.1903431,3.84459,6.02063,0,0,0
1540585867.2892673,3.84459,6.02063,,,
1540585867.389538,3.84445,6.02089,,,
1540585867.4891925,3.84445,6.02089,,,
1540585867.5889192,3.84445,6.02089,,,
1540585867.6896806,3.84422,6.02089,,,
1540585867.7899067,3.84422,6.02089,,,
1540585867.9037416,3.84422,6.02089,,,
1540585868.006496,3.84407,6.02089,,,
1540585868.0955498,3.84407,6.02089,,,
1540585868.1927037,3.84407,6.02089,0,0,0
1540585868.2986681,3.84407,6.02089,,,
1540585868.4030988,3.84392,6.02115,,,
1540585868.4968362,3.84392,6.02115,,,
1540585868.5931585,3.84392,6.02115,,,
1540585868.697247,3.84377,6.02115,,,
1540585868.8065023,3.84377,6.02167,,,
1540585868.8967888,3.84377,6.02167,,,
1540585868.9951403,3.84377,6.02167,,,
1540585869.0955253,3.84361,6.02193,,,
1540585869.2126207,3.84361,6.02193,0,0,0
1540585869.3020217,3.84361,6.02193,,,
1540585869.3972428,3.84338,6.02219,,,
1540585869.4927628,3.84338,6.02219,,,
1540585869.61224,3.84338,6.02219,,,
1540585869.7143064,3.84323,6.02219,,,
1540585869.7948744,3.84323,6.02243,,,
1540585869.8964317,3.84323,6.02243,,,
1540585870.0053844,3.84308,6.02243,,,
1540585870.1058779,3.84308,6.02295,,,
1540585870.194475,3.84308,6.02295,0,0,0
1540585870.297312,3.84308,6.02295,,,
1540585870.4021125,3.84285,6.02295,,,
1540585870.5053544,3.84285,6.02295,,,
1540585870.5955102,3.84285,6.02295,,,
1540585870.6963573,3.8427,6.02295,,,
1540585870.7961075,3.8427,6.02321,,,
1540585870.8997302,3.8427,6.02321,,,
1540585871.0012987,3.8427,6.02321,,,
1540585871.100524,3.84256,6.02373,,,
1540585871.199161,3.84256,6.02373,0,0,0
1540585871.3121421,3.84256,6.02373,,,
1540585871.4154751,3.84233,6.02399,,,
1540585871.5028126,3.84233,6.02399,,,
1540585871.6032803,3.84233,6.02399,,,
1540585871.70409,3.84218,6.02399,,,
1540585871.8114297,3.84218,6.02423,,,
1540585871.9026275,3.84218,6.02423,,,
1540585872.0022063,3.84218,6.02423,,,
1540585872.1044946,3.84203,6.02449,,,
1540585872.2107358,3.84203,6.02449,0,0,0
1540585872.302012,3.84203,6.02449,,,
1540585872.40325,3.8418,6.02501,,,
1540585872.5048418,3.8418,6.02501,,,
1540585872.605892,3.8418,6.02501,,,
1540585872.7038646,3.84164,6.02501,,,
1540585872.8023174,3.84164,6.02501,,,
1540585872.901562,3.84164,6.02501,,,
1540585873.0021245,3.84164,6.02501,,,
1540585873.1017687,3.84149,6.02527,,,
1540585873.2021434,3.84149,6.02527,0,0,0
1540585873.3029304,3.84149,6.02527,,,
1540585873.4143677,3.84126,6.02579,,,
1540585873.518531,3.84126,6.02579,,,
1540585873.6057615,3.84126,6.02579,,,
1540585873.7037148,3.84111,6.02579,,,
1540585873.8150032,3.84111,6.02603,,,
1540585873.9200673,3.84111,6.02603,,,
1540585874.0019171,3.84111,6.02603,,,
1540585874.1047957,3.84096,6.02603,,,
1540585874.2091496,3.84096,6.02603,0,0,0
1540585874.31219,3.84096,6.02603,,,
1540585874.4016721,3.84073,6.02629,,,
1540585874.5055265,3.84073,6.02629,,,
1540585874.6103053,3.84073,6.02629,,,
1540585874.7151349,3.84059,6.02629,,,
1540585874.8054605,3.84059,6.02655,,,
1540585874.9044383,3.84059,6.02655,,,
1540585875.0062885,3.84059,6.02655,,,
1540585875.107532,3.84044,6.02681,,,
1540585875.2064142,3.84044,6.02681,0,0,0
1540585875.3079913,3.84044,6.02681,,,
1540585875.4088292,3.84021,6.02681,,,
1540585875.5236874,3.84021,6.02707,,,
1540585875.6266823,3.84021,6.02707,,,
1540585875.707773,3.84006,6.02707,,,
1540585875.8104298,3.84006,6.02733,,,
1540585875.9136949,3.84006,6.02733,,,
1540585876.0213554,3.84006,6.02733,,,
1540585876.1101296,3.8399,6.02759,,,
1540585876.2083719,3.8399,6.02759,0,0,0
1540585876.3111963,3.8399,6.02759,,,
1540585876.411171,3.83968,6.02759,,,
1540585876.5069208,3.83968,6.02809,,,
1540585876.6039505,3.83968,6.02809,,,
1540585876.710042,3.83952,6.02809,,,
1540585876.810286,3.83952,6.02835,,,
1540585876.9067833,3.83952,6.02835,,,
1540585877.0059946,3.83952,6.02835,,,
1540585877.1092002,3.83929,6.02861,,,
1540585877.2173307,3.83929,6.02861,0,0,0
1540585877.3247576,3.83929,6.02861,,,
1540585877.4095566,3.83914,6.02861,,,
1540585877.508609,3.83914,6.02887,,,
1540585877.6144378,3.83914,6.02887,,,
1540585877.7195327,3.83899,6.02887,,,
1540585877.8085372,3.83899,6.02913,,,
1540585877.910516,3.83899,6.02913,,,
1540585878.010301,3.83899,6.02913,,,
1540585878.1113172,3.83878,6.02939,,,
1540585878.20457,3.83878,6.02939,0,0,0
1540585878.305519,3.83878,6.02939,,,
1540585878.4104426,3.83862,6.02939,,,
1540585878.526168,3.83862,6.02989,,,
1540585878.6076596,3.83862,6.02989,,,
1540585878.7090156,3.83839,6.02989,,,
1540585878.8121846,3.83839,6.03015,,,
1540585878.9194512,3.83839,6.03015,,,
1540585879.0242436,3.83839,6.03015,,,
1540585879.1136131,3.83824,6.03041,,,
1540585879.2131793,3.83824,6.03041,0,0,0
1540585879.316339,3.83824,6.03041,,,
1540585879.4154384,3.83801,6.03041,,,
1540585879.5100977,3.83801,6.03067,,,
1540585879.610289,3.83801,6.03067,,,
1540585879.714367,3.83786,6.03067,,,
1540585879.8159592,3.83786,6.03119,,,
1540585879.9120512,3.83786,6.03119,,,
1540585880.0129015,3.83786,6.03119,,,
1540585880.1150577,3.83771,6.03143,,,
1540585880.2288375,3.83771,6.03143,0,0,0
1540585880.3299015,3.83771,6.03143,,,
1540585880.4152257,3.83755,6.03143,,,
1540585880.5160694,3.83755,6.03169,,,
1540585880.6198587,3.83755,6.03169,,,
1540585880.7197287,3.83733,6.03169,,,
1540585880.817718,3.83733,6.03195,,,
1540585880.9187016,3.83733,6.03195,,,
1540585881.0189235,3.83733,6.03195,,,
1540585881.1195314,3.8371,6.03221,,,
1540585881.2157967,3.8371,6.03221,0,0,0
1540585881.3139646,3.8371,6.03221,,,
1540585881.4187698,3.83694,6.03221,,,
1540585881.5293117,3.83694,6.03273,,,
1540585881.631838,3.83694,6.03273,,,
1540585881.7200685,3.83673,6.03273,,,
1540585881.8208191,3.83673,6.03299,,,
1540585881.925937,3.83673,6.03299,,,
1540585882.028856,3.83673,6.03299,,,
1540585882.1203856,3.83658,6.03323,,,
1540585882.2204607,3.83658,6.03323,0,0,0
1540585882.3206854,3.83658,6.03323,,,
1540585882.4217017,3.83643,6.03323,,,
1540585882.522688,3.83643,6.03349,,,
1540585882.6203768,3.83643,6.03349,,,
1540585882.7186368,3.83643,6.03349,,,
1540585882.8337967,3.8362,6.03349,,,
1540585882.934684,3.8362,6.03349,,,
1540585883.0204422,3.8362,6.03349,,,
1540585883.1220763,3.83597,6.03375,,,
1540585883.2253022,3.83597,6.03375,0,0,0
1540585883.3299322,3.83597,6.03375,,,
1540585883.4210005,3.83582,6.03375,,,
1540585883.5204365,3.83582,6.03427,,,
1540585883.6225832,3.83582,6.03427,,,
1540585883.7217069,3.83582,6.03427,,,
1540585883.820994,3.83559,6.03427,,,
1540585883.9211814,3.83559,6.03427,,,
1540585884.0221314,3.83559,6.03427,,,
1540585884.1374729,3.83543,6.03453,,,
1540585884.2198927,3.83543,6.03453,0,0,0
1540585884.3181722,3.83543,6.03453,,,
1540585884.4214013,3.83521,6.03453,,,
1540585884.529809,3.83521,6.03503,,,
1540585884.6325407,3.83521,6.03503,,,
1540585884.7305448,3.83521,6.03503,,,
1540585884.8293467,3.83505,6.03529,,,
1540585884.928939,3.83505,6.03529,,,
1540585885.030116,3.83505,6.03529,,,
1540585885.1232204,3.83484,6.03555,,,
1540585885.2215729,3.83484,6.03555,0,0,0
1540585885.321471,3.83484,6.03555,,,
1540585885.4396384,3.83469,6.03555,,,
1540585885.543193,3.83469,6.03607,,,
1540585885.626119,3.83469,6.03607,,,
1540585885.72488,3.83469,6.03607,,,
1540585885.8335297,3.83446,6.03633,,,
1540585885.9447484,3.83446,6.03633,,,
1540585886.0314798,3.83446,6.03633,,,
1540585886.1317403,3.8343,6.03659,,,
1540585886.2284064,3.8343,6.03659,0,0,0
1540585886.3367405,3.8343,6.03659,,,
1540585886.4302495,3.83408,6.03659,,,
1540585886.528722,3.83408,6.03709,,,
1540585886.630427,3.83408,6.03709,,,
1540585886.7370183,3.83408,6.03709,,,
1540585886.8306057,3.83392,6.03735,,,
1540585886.926754,3.83392,6.03735,,,
1540585887.0314143,3.83392,6.03735,,,
1540585887.131656,3.83369,6.03735,,,
1540585887.2287436,3.83369,6.03761,0,0,0
1540585887.3272722,3.83369,6.03761,,,
1540585887.4284449,3.83347,6.03761,,,
1540585887.5284216,3.83347,6.03813,,,
1540585887.6260648,3.83347,6.03813,,,
1540585887.725239,3.83347,6.03813,,,
1540585887.8301666,3.83331,6.03839,,,
1540585887.9415004,3.83331,6.03839,,,
1540585888.0423975,3.83331,6.03839,,,
1540585888.1302874,3.83308,6.03839,,,
1540585888.2298546,3.83308,6.03839,0,0,0
1540585888.3358886,3.83308,6.03839,,,
1540585888.4387808,3.83295,6.03839,,,
1540585888.5287926,3.83295,6.03839,,,
1540585888.6301875,3.83295,6.03839,,,
1540585888.7320185,3.83295,6.03839,,,
1540585888.8322682,3.83272,6.03889,,,
1540585888.9311104,3.83272,6.03889,,,
1540585889.0272791,3.83272,6.03889,,,
1540585889.1322608,3.83257,6.03889,,,
1540585889.2321334,3.83257,6.03915,0,0,0
1540585889.3504999,3.83257,6.03915,,,
1540585889.440695,3.83234,6.03915,,,
1540585889.5407248,3.83234,6.03941,,,
1540585889.6437283,3.83234,6.03941,,,
1540585889.743319,3.83234,6.03941,,,
1540585889.8382397,3.83211,6.03967,,,
1540585889.9383159,3.83211,6.03967,,,
1540585890.035653,3.83211,6.03967,,,
1540585890.1341915,3.83195,6.03967,,,
1540585890.2337375,3.83195,6.04019,0,0,0
1540585890.3358607,3.83195,6.04019,,,
1540585890.4362445,3.83173,6.04019,,,
1540585890.5516276,3.83173,6.04044,,,
1540585890.6500244,3.83173,6.04044,,,
1540585890.735474,3.83173,6.04044,,,
1540585890.8354976,3.83157,6.0407,,,
1540585890.9395387,3.83157,6.0407,,,
1540585891.044406,3.83157,6.0407,,,
1540585891.1389341,3.83134,6.0407,,,
1540585891.2389174,3.83134,6.04121,0,0,0
1540585891.338976,3.83134,6.04121,,,
1540585891.434697,3.83112,6.04121,,,
1540585891.534752,3.83112,6.04147,,,
1540585891.6366212,3.83112,6.04147,,,
1540585891.7364352,3.83112,6.04147,,,
1540585891.850857,3.8309,6.04173,,,
1540585891.9564822,3.8309,6.04173,,,
1540585892.0412903,3.8309,6.04173,,,
1540585892.1406956,3.83075,6.04173,,,
1540585892.2448506,3.83075,6.04224,0,0,0
1540585892.3463566,3.83075,6.04224,,,
1540585892.4383154,3.83052,6.04224,,,
1540585892.539492,3.83052,6.0425,,,
1540585892.6416936,3.83052,6.0425,,,
1540585892.73819,3.83052,6.0425,,,
1540585892.8358145,3.83029,6.04276,,,
1540585892.936867,3.83029,6.04276,,,
1540585893.0391655,3.83029,6.04276,,,
1540585893.1554706,3.83014,6.04327,,,
1540585893.2615435,3.83014,6.04327,0,0,0
1540585893.3460605,3.83014,6.04327,,,
1540585893.4426548,3.82991,6.04327,,,
1540585893.5531998,3.82991,6.04353,,,
1540585893.650831,3.82991,6.04353,,,
1540585893.7401624,3.82991,6.04353,,,
1540585893.841153,3.82976,6.04379,,,
1540585893.945703,3.82976,6.04379,,,
1540585894.0516229,3.82976,6.04379,,,
1540585894.144612,3.82953,6.04379,,,
1540585894.2436407,3.82953,6.0443,0,0,0
1540585894.341689,3.82953,6.0443,,,
1540585894.4414098,3.82953,6.0443,,,
1540585894.5405793,3.8293,6.04456,,,
1540585894.6403363,3.8293,6.04456,,,
1540585894.7398543,3.8293,6.04456,,,
1540585894.8553908,3.82909,6.04507,,,
1540585894.9612381,3.82909,6.04507,,,
1540585895.0422704,3.82909,6.04507,,,
1540585895.1396198,3.82893,6.04507,,,
1540585895.250337,3.82893,6.04533,0,0,0
1540585895.3538861,3.82893,6.04533,,,
1540585895.4455812,3.82893,6.04533,,,
1540585895.5436263,3.8287,6.04559,,,
1540585895.643666,3.8287,6.04559,,,
1540585895.7428021,3.8287,6.04559,,,
1540585895.8393502,3.82848,6.04584,,,
1540585895.9434779,3.82848,6.04584,,,
1540585896.0441875,3.82848,6.04584,,,
1540585896.1608365,3.82832,6.04584,,,
1540585896.2660072,3.82832,6.04636,0,0,0
1540585896.3476672,3.82832,6.04636,,,
1540585896.4444582,3.82832,6.04636,,,
1540585896.5544674,3.82809,6.04662,,,
1540585896.6618307,3.82809,6.04662,,,
1540585896.7437863,3.82809,6.04662,,,
1540585896.8460526,3.82787,6.04662,,,
1540585896.950964,3.82787,6.04662,,,
1540585897.0573368,3.82787,6.04662,,,
1540585897.1495285,3.82771,6.04662,0,0,0
1540585897.2489843,3.82771,6.04662,,,
1540585897.3513353,3.82771,6.04662,,,
1540585897.4576535,3.82748,6.04662,,,
1540585897.5500302,3.82748,6.04713,,,
1540585897.6490023,3.82748,6.04713,,,
1540585897.7520754,3.82748,6.04713,,,
1540585897.8569825,3.82727,6.04764,,,
1540585897.9475946,3.82727,6.04764,,,
1540585898.046981,3.82727,6.04764,,,
1540585898.1526358,3.82712,6.04764,,,
1540585898.251569,3.82712,6.0479,0,0,0
1540585898.3541243,3.82712,6.0479,,,
1540585898.4533846,3.82712,6.0479,,,
1540585898.5520139,3.82689,6.04816,,,
1540585898.6650941,3.82689,6.04816,,,
1540585898.7659798,3.82689,6.04816,,,
1540585898.857127,3.82666,6.04868,,,
1540585898.9581199,3.82666,6.04868,,,
1540585899.0588017,3.82666,6.04868,,,
1540585899.1630373,3.82643,6.04868,0,0,0
1540585899.254098,3.82643,6.04893,,,
1540585899.3538628,3.82643,6.04893,,,
1540585899.4599006,3.82643,6.04893,,,
1540585899.555238,3.8262,6.04944,,,
1540585899.6545348,3.8262,6.04944,,,
1540585899.75532,3.8262,6.04944,,,
1540585899.8490918,3.82605,6.04944,,,
1540585899.9525337,3.82605,6.0497,,,
1540585900.046337,3.82605,6.0497,,,
1540585900.1473343,3.82582,6.0497,,,
1540585900.262471,3.82582,6.04996,0,0,0
1540585900.3673716,3.82582,6.04996,,,
1540585900.4686449,3.82582,6.04996,,,
1540585900.5558615,3.82559,6.05048,,,
1540585900.6568902,3.82559,6.05048,,,
1540585900.7642474,3.82559,6.05048,,,
1540585900.864852,3.82536,6.05048,,,
1540585900.9552557,3.82536,6.05074,,,
1540585901.0546486,3.82536,6.05074,,,
1540585901.1577952,3.82523,6.05074,0,0,0
1540585901.2560463,3.82523,6.05074,,,
1540585901.3499029,3.82523,6.05074,,,
1540585901.44916,3.82523,6.05074,,,
1540585901.5523083,3.825,6.05099,,,
1540585901.654709,3.825,6.05099,,,
1540585901.7525294,3.825,6.05099,,,
1540585901.8530183,3.82477,6.05099,,,
1540585901.9558673,3.82477,6.05124,,,
1540585902.0710452,3.82477,6.05124,,,
1540585902.1709032,3.82462,6.05124,0,0,0
1540585902.2548978,3.82462,6.0515,,,
1540585902.356801,3.82462,6.0515,,,
1540585902.4613323,3.82462,6.0515,,,
1540585902.5660203,3.82439,6.05202,,,
1540585902.6551025,3.82439,6.05202,,,
1540585902.764451,3.82439,6.05202,,,
1540585902.8591857,3.82416,6.05202,,,
1540585902.958463,3.82416,6.05228,,,
1540585903.0553958,3.82416,6.05228,,,
1540585903.1555486,3.82393,6.05228,0,0,0
1540585903.2572262,3.82393,6.0528,,,
1540585903.3746746,3.82393,6.0528,,,
1540585903.4554193,3.82393,6.0528,,,
1540585903.5551322,3.8237,6.05304,,,
1540585903.6584296,3.8237,6.05304,,,
1540585903.7680316,3.8237,6.05304,,,
1540585903.8688254,3.82355,6.05304,,,
1540585903.95894,3.82355,6.05356,,,
1540585904.0590847,3.82355,6.05356,,,
1540585904.162026,3.82333,6.05356,0,0,0
1540585904.2625587,3.82333,6.05408,,,
1540585904.3525043,3.82333,6.05408,,,
1540585904.4547977,3.82333,6.05408,,,
1540585904.558665,3.8231,6.05484,,,
1540585904.6603394,3.8231,6.05484,,,
1540585904.7584276,3.8231,6.05484,,,
1540585904.8567119,3.82288,6.05484,,,
1540585904.957779,3.82288,6.05484,,,
1540585905.0715954,3.82288,6.05484,,,
1540585905.1759443,3.82265,6.05484,0,0,0
1540585905.2596147,3.82265,6.05484,,,
1540585905.3595169,3.82265,6.05484,,,
1540585905.4662747,3.82265,6.05484,,,
1540585905.5716069,3.82249,6.0551,,,
1540585905.6622047,3.82249,6.0551,,,
1540585905.7619822,3.82249,6.0551,,,
1540585905.8623862,3.82227,6.0551,,,
1540585905.9627666,3.82227,6.05562,,,
1540585906.0588553,3.82227,6.05562,,,
1540585906.1579285,3.82227,6.05562,0,0,0
1540585906.262165,3.82204,6.05588,,,
1540585906.3792496,3.82204,6.05588,,,
1540585906.4597003,3.82204,6.05588,,,
1540585906.560208,3.82181,6.0564,,,
1540585906.6615555,3.82181,6.0564,,,
1540585906.770513,3.82181,6.0564,,,
1540585906.8713758,3.82158,6.0564,,,
1540585906.9628878,3.82158,6.05664,,,
1540585907.0631785,3.82158,6.05664,,,
1540585907.1636672,3.82158,6.05664,0,0,0
1540585907.263499,3.82137,6.05716,,,
1540585907.3631957,3.82137,6.05716,,,
1540585907.458993,3.82137,6.05716,,,
1540585907.5646353,3.82114,6.05742,,,
1540585907.680876,3.82114,6.05742,,,
1540585907.784218,3.82114,6.05742,,,
1540585907.8686929,3.82098,6.05742,,,
1540585907.969961,3.82098,6.05768,,,
1540585908.081486,3.82098,6.05768,,,
1540585908.1840096,3.82076,6.05768,0,0,0
1540585908.2668948,3.82076,6.0582,,,
1540585908.3674827,3.82076,6.0582,,,
1540585908.4779334,3.82076,6.0582,,,
1540585908.5791373,3.82053,6.05844,,,
1540585908.6665287,3.82053,6.05844,,,
1540585908.7677627,3.82053,6.05844,,,
1540585908.872132,3.8203,6.05844,,,
1540585908.979343,3.8203,6.05896,,,
1540585909.0650942,3.8203,6.05896,,,
1540585909.1640744,3.8203,6.05896,0,0,0
1540585909.270898,3.82007,6.05922,,,
1540585909.3721411,3.82007,6.05922,,,
1540585909.4662862,3.82007,6.05922,,,
1540585909.5668044,3.81984,6.05974,,,
1540585909.6708786,3.81984,6.05974,,,
1540585909.7697854,3.81984,6.05974,,,
1540585909.8668633,3.81969,6.05974,,,
1540585909.966272,3.81969,6.06,,,
1540585910.0699701,3.81969,6.06,,,
1540585910.1848338,3.81947,6.06,0,0,0
1540585910.2842078,3.81947,6.06024,,,
1540585910.3738463,3.81947,6.06024,,,
1540585910.4718084,3.81947,6.06024,,,
1540585910.583408,3.81924,6.06024,,,
1540585910.685349,3.81924,6.06024,,,
1540585910.766435,3.81924,6.06024,,,
1540585910.8701618,3.81902,6.06024,,,
1540585910.9810426,3.81902,6.06076,,,
1540585911.0832977,3.81902,6.06076,,,
1540585911.1721067,3.81902,6.06076,0,0,0
1540585911.2720656,3.81879,6.06102,,,
1540585911.3743336,3.81879,6.06102,,,
1540585911.4722588,3.81879,6.06102,,,
1540585911.5705338,3.81856,6.06102,,,
1540585911.6701522,3.81856,6.06128,,,
1540585911.7707646,3.81856,6.06128,,,
1540585911.8894794,3.81833,6.06128,,,
1540585911.989334,3.81833,6.0618,,,
1540585912.0665946,3.81833,6.0618,,,
1540585912.172484,3.81833,6.0618,0,0,0
1540585912.2811236,3.8181,6.06204,,,
1540585912.385357,3.8181,6.06204,,,
1540585912.4725304,3.8181,6.06204,,,
1540585912.5718997,3.81787,6.06204,,,
1540585912.673204,3.81787,6.0623,,,
1540585912.773198,3.81787,6.0623,,,
1540585912.8718596,3.81772,6.0623,,,
1540585912.9734526,3.81772,6.06282,,,
1540585913.0742905,3.81772,6.06282,,,
1540585913.194971,3.81772,6.06282,0,0,0
1540585913.2948725,3.8175,6.06308,,,
1540585913.382863,3.8175,6.06308,,,
1540585913.4715917,3.8175,6.06308,,,
1540585913.5889695,3.81728,6.0636,,,
1540585913.6881225,3.81728,6.0636,,,
1540585913.778141,3.81728,6.0636,,,
1540585913.8766084,3.81705,6.0636,,,
1540585913.9831512,3.81705,6.0641,,,
1540585914.0769398,3.81705,6.0641,,,
1540585914.1733725,3.81705,6.0641,0,0,0
1540585914.2740922,3.81682,6.06436,,,
1540585914.37478,3.81682,6.06436,,,
1540585914.4752343,3.81682,6.06436,,,
1540585914.5736475,3.81659,6.06436,,,
1540585914.6753135,3.81659,6.06462,,,
1540585914.776175,3.81659,6.06462,,,
1540585914.8852346,3.81636,6.06462,,,
1540585914.9872074,3.81636,6.06514,,,
1540585915.0787923,3.81636,6.06514,,,
1540585915.2818031,3.80327,6.86203,,,
1540585915.4346344,3.80327,6.86203,,,
1540585915.591524,3.75807,8.82004,,,
1540585915.7570646,3.75807,8.82004,,,
1540585915.9303775,3.75604,8.82468,,,
1540585916.0895672,3.75604,8.82468,,,
1540585916.243456,3.75452,8.82468,,,
1540585916.3986378,3.75452,8.82828,,,
1540585916.5588322,3.75331,8.82828,,,
1540585916.7147672,3.75331,8.83084,,,
1540585916.815209,3.75331,8.83084,0,0,0
1540585916.8945982,3.77351,8.83084,0,0,0
1540585916.9955938,3.77351,7.62651,,,
1540585917.1086595,3.77351,7.62651,,,
1540585917.2096748,3.77351,7.62651,0,0,0
1540585917.3027248,3.80948,6.07568,,,
1540585917.400735,3.80948,6.07568,,,
1540585917.5006952,3.80948,6.07568,,,
1540585917.6032822,3.8103,6.0744,,,
1540585917.7024395,3.8103,6.0744,,,
1540585917.8023043,3.8103,6.0744,,,
1540585917.8999414,3.81061,6.0744,,,
1540585918.047309,3.81061,6.07362,,,
1540585918.1196856,3.81061,6.07362,,,
1540585918.2096286,3.81061,6.07362,0,0,0
1540585918.3061066,3.81076,6.07362,,,
1540585918.4089336,3.81076,6.07362,,,
1540585918.512882,3.81076,6.07362,,,
1540585918.6066787,3.81084,6.07362,,,
1540585918.706995,3.81084,6.07362,,,
1540585918.8076563,3.81084,6.07362,,,
1540585918.9118674,3.81076,6.07362,,,
1540585919.0082173,3.81076,6.07362,,,
1540585919.1073809,3.81076,6.07362,,,
1540585919.2078938,3.81076,6.07362,0,0,0
1540585919.3219411,3.81076,6.07362,,,
1540585919.4231837,3.81076,6.07362,,,
1540585919.5096383,3.81076,6.07362,,,
1540585919.6088808,3.81068,6.07362,,,
1540585919.7180088,3.81068,6.07362,,,
1540585919.8202996,3.81068,6.07362,,,
1540585919.9116826,3.81053,6.07362,,,
1540585920.0089183,3.81053,6.07388,,,
1540585920.1098464,3.81053,6.07388,,,
1540585920.2114651,3.81053,6.07388,0,0,0
1540585920.310138,3.81046,6.07414,,,
1540585920.4102502,3.81046,6.07414,,,
1540585920.5107799,3.81046,6.07414,,,
1540585920.628772,3.8103,6.0744,,,
1540585920.7295663,3.8103,6.0744,,,
1540585920.8146424,3.8103,6.0744,,,
1540585920.9200954,3.81015,6.0744,,,
1540585921.0344043,3.81015,6.0744,,,
1540585921.1236825,3.81015,6.0744,,,
1540585921.2148826,3.81015,6.0744,0,0,0
1540585921.3146553,3.81,6.07465,,,
1540585921.4162734,3.81,6.07465,,,
1540585921.5167935,3.81,6.07465,,,
1540585921.6141403,3.80986,6.07465,,,
1540585921.7138767,3.80986,6.07516,,,
1540585921.8145502,3.80986,6.07516,,,
1540585921.93529,3.80971,6.07516,,,
1540585922.0139878,3.80971,6.07542,,,
1540585922.1155553,3.80971,6.07542,,,
1540585922.2146862,3.80971,6.07542,0,0,0
1540585922.3261256,3.80956,6.07568,,,
1540585922.4270306,3.80956,6.07568,,,
1540585922.5156329,3.80956,6.07568,,,
1540585922.617035,3.8094,6.07568,,,
1540585922.7159216,3.8094,6.07594,,,
1540585922.8164186,3.8094,6.07594,,,
1540585922.9162717,3.80917,6.07594,,,
1540585923.0162787,3.80917,6.0762,,,
1540585923.116805,3.80917,6.0762,,,
1540585923.2360427,3.80917,6.0762,0,0,0
1540585923.3393085,3.80902,6.07646,,,
1540585923.4241276,3.80902,6.07646,,,
1540585923.5215995,3.80902,6.07646,,,
1540585923.6373072,3.80887,6.07671,,,
1540585923.7337012,3.80887,6.07671,,,
1540585923.8230932,3.80887,6.07671,,,
1540585923.9158397,3.80864,6.07671,,,
1540585924.0184546,3.80864,6.07722,,,
1540585924.12537,3.80864,6.07722,,,
1540585924.2111678,3.80864,6.07722,0,0,0
1540585924.313664,3.80849,6.07748,,,
1540585924.424,3.80849,6.07748,,,
1540585924.5123148,3.80849,6.07748,,,
1540585924.615726,3.80826,6.07748,,,
1540585924.7223964,3.80826,6.07774,,,
1540585924.8129053,3.80826,6.07774,,,
1540585924.9315221,3.80811,6.07774,,,
1540585925.0392556,3.80811,6.078,,,
1540585925.1158183,3.80811,6.078,,,
1540585925.2269335,3.80811,6.078,0,0,0
1540585925.326619,3.80789,6.07851,,,
1540585925.42656,3.80789,6.07851,,,
1540585925.526549,3.80789,6.07851,,,
1540585925.6228275,3.80766,6.07851,,,
1540585925.7180846,3.80766,6.07851,,,
1540585925.8201365,3.80766,6.07851,,,
1540585925.9242783,3.80751,6.07851,,,
1540585926.0540135,3.80751,6.07903,,,
1540585926.1238778,3.80751,6.07903,0,0,0
1540585926.2351146,3.80751,6.07903,,,
1540585926.3468738,3.80728,6.07954,,,
1540585926.422489,3.80728,6.07954,,,
1540585926.5184805,3.80728,6.07954,,,
1540585926.6264975,3.80705,6.07954,,,
1540585926.7273679,3.80705,6.07954,,,
1540585926.8205469,3.80705,6.07954,,,
1540585926.9205964,3.80705,6.07954,,,
1540585927.0221715,3.8069,6.08006,,,
1540585927.12239,3.8069,6.08006,,,
1540585927.2206032,3.8069,6.08006,0,0,0
1540585927.3213313,3.80667,6.08057,,,
1540585927.4310906,3.80667,6.08057,,,
1540585927.535617,3.80667,6.08057,,,
1540585927.645392,3.80644,6.08057,,,
1540585927.7208452,3.80644,6.08083,,,
1540585927.82456,3.80644,6.08083,,,
1540585927.930877,3.80621,6.08083,,,
1540585928.031357,3.80621,6.08134,,,
1540585928.123617,3.80621,6.08134,,,
1540585928.2209618,3.80621,6.08134,0,0,0
1540585928.3247247,3.806,6.0816,,,
1540585928.4248748,3.806,6.0816,,,
1540585928.528387,3.806,6.0816,,,
1540585928.6248534,3.80585,6.0816,,,
1540585928.7302635,3.80585,6.08186,,,
1540585928.842578,3.80585,6.08186,,,
1540585928.949322,3.80562,6.08186,,,
1540585929.0330763,3.80562,6.08237,,,
1540585929.1238992,3.80562,6.08237,,,
1540585929.2522762,3.80562,6.08237,0,0,0
1540585929.3542647,3.80539,6.08263,,,
1540585929.4281976,3.80539,6.08263,,,
1540585929.527132,3.80539,6.08263,,,
1540585929.6333458,3.80516,6.08263,,,
1540585929.7365954,3.80516,6.08263,,,
1540585929.831981,3.80516,6.08263,,,
1540585929.932091,3.80516,6.08263,,,
1540585930.029837,3.80493,6.08289,,,
1540585930.130578,3.80493,6.08289,,,
1540585930.2267838,3.80493,6.08289,0,0,0
1540585930.32768,3.80478,6.08315,,,
1540585930.4268339,3.80478,6.08315,,,
1540585930.5504713,3.80478,6.08315,,,
1540585930.6535451,3.80455,6.08315,,,
1540585930.7284591,3.80455,6.08366,,,
1540585930.8281207,3.80455,6.08366,,,
1540585930.9372067,3.80455,6.08366,,,
1540585931.0473325,3.80432,6.08391,,,
1540585931.1340377,3.80432,6.08391,,,
1540585931.229527,3.80432,6.08391,0,0,0
1540585931.330712,3.80411,6.08443,,,
1540585931.434052,3.80411,6.08443,,,
1540585931.5300646,3.80411,6.08443,,,
1540585931.6300929,3.80388,6.08443,,,
1540585931.7322087,3.80388,6.08469,,,
1540585931.8512611,3.80388,6.08469,,,
1540585931.955144,3.80365,6.08469,,,
1540585932.032835,3.80365,6.08495,,,
1540585932.131317,3.80365,6.08495,,,
1540585932.2391002,3.80365,6.08495,0,0,0
1540585932.3479357,3.8035,6.08546,,,
1540585932.4326835,3.8035,6.08546,,,
1540585932.5317369,3.8035,6.08546,,,
1540585932.6410818,3.80319,6.08546,,,
1540585932.7459779,3.80319,6.08571,,,
1540585932.838834,3.80319,6.08571,,,
1540585932.9381871,3.80319,6.08571,,,
1540585933.036071,3.80304,6.08623,,,
1540585933.138002,3.80304,6.08623,,,
1540585933.2338343,3.80304,6.08623,0,0,0
1540585933.3329716,3.80281,6.08649,,,
1540585933.4430368,3.80281,6.08649,,,
1540585933.5553968,3.80281,6.08649,,,
1540585933.6609256,3.80258,6.08649,,,
1540585933.7381425,3.80258,6.08701,,,
1540585933.8353167,3.80258,6.08701,,,
1540585933.9440947,3.80258,6.08701,,,
1540585934.0460796,3.80235,6.08727,,,
1540585934.1354082,3.80235,6.08727,,,
1540585934.2356088,3.80235,6.08727,0,0,0
1540585934.3415515,3.80214,6.08777,,,
1540585934.4460747,3.80214,6.08777,,,
1540585934.5350199,3.80214,6.08777,,,
1540585934.6593351,3.80191,6.08777,,,
1540585934.7454062,3.80191,6.08803,,,
1540585934.8409314,3.80191,6.08803,,,
1540585934.93715,3.80191,6.08803,,,
1540585935.0361276,3.80168,6.08855,,,
1540585935.1389585,3.80168,6.08855,,,
1540585935.239929,3.80168,6.08855,0,0,0
1540585935.3451118,3.80145,6.08855,,,
1540585935.4384184,3.80145,6.08881,,,
1540585935.5389278,3.80145,6.08881,,,
1540585935.6546352,3.8013,6.08881,,,
1540585935.7640219,3.8013,6.08907,,,
1540585935.839503,3.8013,6.08907,,,
1540585935.9385018,3.8013,6.08907,,,
1540585936.045983,3.80107,6.08907,,,
1540585936.1534185,3.80107,6.08907,,,
1540585936.2406757,3.80107,6.08907,0,0,0
1540585936.341102,3.80084,6.08907,,,
1540585936.4470606,3.80084,6.08957,,,
1540585936.5468123,3.80084,6.08957,,,
1540585936.6408236,3.80054,6.08957,,,
1540585936.7415838,3.80054,6.09035,,,
1540585936.841836,3.80054,6.09035,,,
1540585936.943574,3.80054,6.09035,,,
1540585937.0421245,3.80032,6.09087,,,
1540585937.1425345,3.80032,6.09087,,,
1540585937.2442796,3.80032,6.09087,0,0,0
1540585937.3633912,3.80009,6.09111,,,
1540585937.4654949,3.80009,6.09111,,,
1540585937.5477421,3.80009,6.09111,,,
1540585937.646669,3.79987,6.09111,,,
1540585937.754262,3.79987,6.09163,,,
1540585937.8569963,3.79987,6.09163,,,
1540585937.9509213,3.79987,6.09163,,,
1540585938.0458593,3.79964,6.09189,,,
1540585938.1506248,3.79964,6.09189,,,
1540585938.2515655,3.79964,6.09189,0,0,0
1540585938.342693,3.79941,6.09189,,,
1540585938.4453466,3.79941,6.09241,,,
1540585938.5451422,3.79941,6.09241,,,
1540585938.6442692,3.79918,6.09241,,,
1540585938.748098,3.79918,6.09267,,,
1540585938.8448896,3.79918,6.09267,,,
1540585938.944007,3.79918,6.09267,,,
1540585939.0552983,3.79895,6.09291,,,
1540585939.1700919,3.79895,6.09291,0,0,0
1540585939.2463548,3.79895,6.09291,,,
1540585939.352076,3.79872,6.09291,,,
1540585939.455587,3.79872,6.09317,,,
1540585939.5601084,3.79872,6.09317,,,
1540585939.6992486,3.79857,6.09317,,,
1540585939.7632632,3.79857,6.09317,,,
1540585939.857583,3.79857,6.09317,,,
1540585939.9761872,3.79857,6.09317,,,
1540585940.0803843,3.79836,6.09369,,,
1540585940.1577566,3.79836,6.09369,0,0,0
1540585940.2547758,3.79836,6.09369,,,
1540585940.3663356,3.79805,6.09395,,,
1540585940.4851627,3.79805,6.09395,,,
1540585940.5604725,3.79805,6.09395,,,
1540585940.6541429,3.79782,6.09395,,,
1540585940.7605166,3.79782,6.09447,,,
1540585940.8712375,3.79782,6.09447,,,
1540585940.9670346,3.79782,6.09447,,,
1540585941.0616567,3.79759,6.09497,,,
1540585941.1649806,3.79759,6.09497,0,0,0
1540585941.259225,3.79759,6.09497,,,
1540585941.361779,3.79736,6.09497,,,
1540585941.460794,3.79736,6.09523,,,
1540585941.561508,3.79736,6.09523,,,
1540585941.6758592,3.79713,6.09523,,,
1540585941.7848175,3.79713,6.09575,,,
1540585941.8642442,3.79713,6.09575,,,
1540585941.9600046,3.79713,6.09575,,,
1540585942.072067,3.79691,6.09601,,,
1540585942.1808226,3.79691,6.09601,0,0,0
1540585942.2704678,3.79691,6.09601,,,
1540585942.3651648,3.79668,6.09601,,,
1540585942.4663634,3.79668,6.09627,,,
1540585942.57003,3.79668,6.09627,,,
1540585942.6680617,3.79646,6.09627,,,
1540585942.7643871,3.79646,6.09703,,,
1540585942.8655102,3.79646,6.09703,,,
1540585942.9893496,3.79646,6.09703,,,
1540585943.0874794,3.79623,6.09729,,,
1540585943.17514,3.79623,6.09729,0,0,0
1540585943.266626,3.79623,6.09729,,,
1540585943.382512,3.79601,6.09729,,,
1540585943.4885626,3.79601,6.09755,,,
1540585943.5669794,3.79601,6.09755,,,
1540585943.665263,3.79578,6.09755,,,
1540585943.7693164,3.79578,6.09807,,,
1540585943.8838623,3.79578,6.09807,,,
1540585943.9703615,3.79578,6.09807,,,
1540585944.0679085,3.79555,6.09807,,,
1540585944.173745,3.79555,6.09807,0,0,0
1540585944.276548,3.79555,6.09807,,,
1540585944.3713021,3.79532,6.09807,,,
1540585944.4747043,3.79532,6.09831,,,
1540585944.5703828,3.79532,6.09831,,,
1540585944.6913648,3.79509,6.09831,,,
1540585944.796312,3.79509,6.09857,,,
1540585944.87195,3.79509,6.09857,,,
1540585944.9688988,3.79509,6.09857,,,
1540585945.0861166,3.79486,6.09909,,,
1540585945.1939757,3.79486,6.09909,0,0,0
1540585945.2770166,3.79486,6.09909,,,
1540585945.3762426,3.79463,6.09909,,,
1540585945.4818122,3.79463,6.09935,,,
1540585945.5945408,3.79463,6.09935,,,
1540585945.6785903,3.79442,6.09935,,,
1540585945.7728183,3.79442,6.09987,,,
1540585945.886022,3.79442,6.09987,,,
1540585945.9915686,3.79442,6.09987,,,
1540585946.0809982,3.79419,6.10037,,,
1540585946.173489,3.79419,6.10037,0,0,0
1540585946.2747245,3.79419,6.10037,,,
1540585946.3814318,3.79396,6.10037,,,
1540585946.4712958,3.79396,6.10063,,,
1540585946.5699673,3.79396,6.10063,,,
1540585946.671599,3.79396,6.10063,,,
1540585946.7749815,3.79366,6.10141,,,
1540585946.8699281,3.79366,6.10141,,,
1540585946.9713807,3.79366,6.10141,,,
1540585947.0724103,3.79343,6.10217,,,
1540585947.1957688,3.79343,6.10217,0,0,0
1540585947.2960947,3.79343,6.10217,,,
1540585947.37882,3.7932,6.10217,,,
1540585947.4725409,3.7932,6.10217,,,
1540585947.5831683,3.7932,6.10217,,,
1540585947.6894946,3.79297,6.10217,,,
1540585947.7735558,3.79297,6.10243,,,
1540585947.8739831,3.79297,6.10243,,,
1540585947.9839187,3.79297,6.10243,,,
1540585948.0902326,3.79274,6.10269,,,
1540585948.178903,3.79274,6.10269,0,0,0
1540585948.2721703,3.79274,6.10269,,,
1540585948.3751605,3.79253,6.10269,,,
1540585948.4773066,3.79253,6.10295,,,
1540585948.5736673,3.79253,6.10295,,,
1540585948.6731591,3.79253,6.10295,,,
1540585948.7817986,3.7923,6.10347,,,
1540585948.90275,3.7923,6.10347,,,
1540585949.0026484,3.7923,6.10347,,,
1540585949.0765376,3.79207,6.10371,,,
1540585949.1743815,3.79207,6.10371,0,0,0
1540585949.2889423,3.79207,6.10371,,,
1540585949.3936307,3.79176,6.10371,,,
1540585949.4807267,3.79176,6.10423,,,
1540585949.5764728,3.79176,6.10423,,,
1540585949.68873,3.79176,6.10423,,,
1540585949.7944195,3.79153,6.10449,,,
1540585949.884389,3.79153,6.10449,,,
1540585949.9787195,3.79153,6.10449,,,
1540585950.0833042,3.79131,6.10501,,,
1540585950.186609,3.79131,6.10501,0,0,0
1540585950.2775114,3.79131,6.10501,,,
1540585950.3834264,3.79108,6.10501,,,
1540585950.4794295,3.79108,6.10551,,,
1540585950.5861654,3.79108,6.10551,,,
1540585950.686263,3.79108,6.10551,,,
1540585950.786513,3.79085,6.10577,,,
1540585950.8867297,3.79085,6.10577,,,
1540585951.0001419,3.79085,6.10577,,,
1540585951.1049995,3.79063,6.10577,,,
1540585951.1876972,3.79063,6.10629,0,0,0
1540585951.2817714,3.79063,6.10629,,,
1540585951.3924375,3.79041,6.10629,,,
1540585951.504338,3.79041,6.10655,,,
1540585951.586518,3.79041,6.10655,,,
1540585951.6800256,3.79041,6.10655,,,
1540585951.784533,3.7901,6.10707,,,
1540585951.8852816,3.7901,6.10707,,,
1540585951.984151,3.7901,6.10707,,,
1540585952.0837913,3.78987,6.10707,,,
1540585952.1812754,3.78987,6.10757,0,0,0
1540585952.301604,3.78987,6.10757,,,
1540585952.4057946,3.78964,6.10757,,,
1540585952.4857097,3.78964,6.10783,,,
1540585952.5818334,3.78964,6.10783,,,
1540585952.688772,3.78964,6.10783,,,
1540585952.8015654,3.78941,6.10835,,,
1540585952.8848443,3.78941,6.10835,,,
1540585952.9838057,3.78941,6.10835,,,
1540585953.0844545,3.78918,6.10835,,,
1540585953.1866488,3.78918,6.10861,0,0,0
1540585953.285483,3.78918,6.10861,,,
1540585953.389539,3.78896,6.10861,,,
1540585953.4896328,3.78896,6.10861,,,
1540585953.609305,3.78896,6.10861,,,
1540585953.7081585,3.78896,6.10861,,,
1540585953.7860107,3.78874,6.10887,,,
1540585953.8843882,3.78874,6.10887,,,
1540585953.9964597,3.78874,6.10887,,,
1540585954.108444,3.78851,6.10887,,,
1540585954.1923215,3.78851,6.10938,0,0,0
1540585954.2873878,3.78851,6.10938,,,
1540585954.3911548,3.78828,6.10938,,,
1540585954.4984791,3.78828,6.10963,,,
1540585954.594048,3.78828,6.10963,,,
1540585954.6886702,3.78828,6.10963,,,
1540585954.7889075,3.78806,6.11015,,,
1540585954.8917644,3.78806,6.11015,,,
1540585954.9867263,3.78806,6.11015,,,
1540585955.0899076,3.78783,6.11015,,,
1540585955.1895018,3.78783,6.11041,0,0,0
1540585955.307974,3.78783,6.11041,,,
1540585955.4134755,3.78752,6.11041,,,
1540585955.4883413,3.78752,6.11092,,,
1540585955.5903707,3.78752,6.11092,,,
1540585955.7003546,3.78752,6.11092,,,
1540585955.8066733,3.78729,6.11143,,,
1540585955.8961327,3.78729,6.11143,,,
1540585955.9908862,3.78729,6.11143,,,
1540585956.0946813,3.78714,6.11143,,,
1540585956.2087646,3.78714,6.11169,0,0,0
1540585956.2933986,3.78714,6.11169,,,
1540585956.3922303,3.78685,6.11169,,,
1540585956.4966776,3.78685,6.11195,,,
1540585956.6086295,3.78685,6.11195,,,
1540585956.692797,3.78685,6.11195,,,
1540585956.7932613,3.78662,6.11247,,,
1540585956.8961864,3.78662,6.11247,,,
1540585956.9984157,3.78662,6.11247,,,
1540585957.095471,3.78639,6.11247,,,
1540585957.1939158,3.78639,6.11272,0,0,0
1540585957.2956808,3.78639,6.11272,,,
1540585957.3940856,3.78639,6.11272,,,
1540585957.5215032,3.78616,6.11349,,,
1540585957.5962126,3.78616,6.11349,,,
1540585957.6963055,3.78616,6.11349,,,
1540585957.8080034,3.78593,6.11349,,,
1540585957.9145255,3.78593,6.11349,,,
1540585957.995994,3.78593,6.11349,,,
1540585958.0956302,3.78571,6.11349,,,
1540585958.204429,3.78571,6.11401,0,0,0
1540585958.3020034,3.78571,6.11401,,,
1540585958.3972197,3.78571,6.11401,,,
1540585958.496207,3.7854,6.11452,,,
1540585958.5971637,3.7854,6.11452,,,
1540585958.6979368,3.7854,6.11452,,,
1540585958.7949693,3.78517,6.11478,,,
1540585958.8941,3.78517,6.11478,,,
1540585958.9947457,3.78517,6.11478,,,
1540585959.1171172,3.78496,6.11555,,,
1540585959.197311,3.78496,6.11555,0,0,0
1540585959.296845,3.78496,6.11555,,,
1540585959.3955872,3.78496,6.11555,,,
1540585959.5029852,3.78473,6.11581,,,
1540585959.613531,3.78473,6.11581,,,
1540585959.6943083,3.78473,6.11581,,,
1540585959.7963583,3.7845,6.11607,,,
1540585959.8997478,3.7845,6.11607,,,
1540585960.0106711,3.7845,6.11607,,,
1540585960.1017084,3.78427,6.11607,,,
1540585960.1974745,3.78427,6.11658,0,0,0
1540585960.3163908,3.78427,6.11658,,,
1540585960.4106762,3.78404,6.11658,,,
1540585960.5015304,3.78404,6.11684,,,
1540585960.5980592,3.78404,6.11684,,,
1540585960.6983433,3.78404,6.11684,,,
1540585960.7987838,3.78381,6.11736,,,
1540585960.9260356,3.78381,6.11736,,,
1540585961.001191,3.78381,6.11736,,,
1540585961.1055582,3.78358,6.11736,,,
1540585961.225672,3.78358,6.11761,0,0,0
1540585961.3202348,3.78358,6.11761,,,
1540585961.4098423,3.78358,6.11761,,,
1540585961.5092049,3.78328,6.11812,,,
1540585961.612023,3.78328,6.11812,,,
1540585961.7162323,3.78328,6.11812,,,
1540585961.8024886,3.78305,6.11864,,,
1540585961.9013329,3.78305,6.11864,,,
1540585962.0035021,3.78305,6.11864,,,
1540585962.104334,3.78284,6.11864,,,
1540585962.2087562,3.78284,6.11864,0,0,0
1540585962.3044896,3.78284,6.11864,,,
1540585962.4053476,3.78284,6.11864,,,
1540585962.5197384,3.78261,6.1189,,,
1540585962.6280358,3.78261,6.1189,,,
1540585962.7083135,3.78261,6.1189,,,
1540585962.8048322,3.78238,6.11916,,,
1540585962.9107091,3.78238,6.11916,,,
1540585963.0223207,3.78238,6.11916,,,
1540585963.1061552,3.78215,6.11916,,,
1540585963.2061822,3.78215,6.11967,0,0,0
1540585963.308307,3.78215,6.11967,,,
1540585963.4104648,3.78215,6.11967,,,
1540585963.5064778,3.78192,6.11992,,,
1540585963.6055603,3.78192,6.11992,,,
1540585963.7049124,3.78192,6.11992,,,
1540585963.8273816,3.78169,6.12044,,,
1540585963.9303439,3.78169,6.12044,,,
1540585964.0064094,3.78169,6.12044,,,
1540585964.104175,3.78146,6.12044,,,
1540585964.2152576,3.78146,6.1207,0,0,0
1540585964.3228467,3.78146,6.1207,,,
1540585964.4068549,3.78146,6.1207,,,
1540585964.508533,3.78123,6.12122,,,
1540585964.6116886,3.78123,6.12122,,,
1540585964.7140799,3.78123,6.12122,,,
1540585964.8086925,3.78094,6.12122,,,
1540585964.9078786,3.78094,6.12148,,,
1540585965.0084362,3.78094,6.12148,,,
1540585965.1105525,3.78072,6.12148,,,
1540585965.208389,3.78072,6.12198,0,0,0
1540585965.306929,3.78072,6.12198,,,
1540585965.4059489,3.78072,6.12198,,,
1540585965.5271943,3.78049,6.1225,,,
1540585965.635138,3.78049,6.1225,,,
1540585965.7094057,3.78049,6.1225,,,
1540585965.8089743,3.78026,6.1225,,,
1540585965.9200118,3.78026,6.12276,,,
1540585966.025624,3.78026,6.12276,,,
1540585966.1107,3.78003,6.12276,,,
1540585966.2383478,3.78003,6.12302,0,0,0
1540585966.3124154,3.78003,6.12302,,,
1540585966.413458,3.78003,6.12302,,,
1540585966.5119517,3.7798,6.12352,,,
1540585966.6118193,3.7798,6.12352,,,
1540585966.7088652,3.7798,6.12352,,,
1540585966.8294718,3.77957,6.12378,,,
1540585966.9366457,3.77957,6.12378,,,
1540585967.0112174,3.77957,6.12378,,,
1540585967.1130905,3.77934,6.12378,,,
1540585967.2203145,3.77934,6.1243,0,0,0
1540585967.3295083,3.77934,6.1243,,,
1540585967.4134114,3.77934,6.1243,,,
1540585967.5124362,3.77913,6.12482,,,
1540585967.6165762,3.77913,6.12482,,,
1540585967.7240984,3.77913,6.12482,,,
1540585967.8140914,3.77882,6.12482,,,
1540585967.913416,3.77882,6.12508,,,
1540585968.01595,3.77882,6.12508,,,
1540585968.1238894,3.77859,6.12508,,,
1540585968.219308,3.77859,6.12558,0,0,0
1540585968.3153844,3.77859,6.12558,,,
1540585968.415011,3.77859,6.12558,,,
1540585968.516545,3.77837,6.12584,,,
1540585968.6171858,3.77837,6.12584,,,
1540585968.7156694,3.77837,6.12584,,,
1540585968.8158278,3.77814,6.12584,,,
1540585968.933122,3.77814,6.12636,,,
1540585969.0371804,3.77814,6.12636,,,
1540585969.117021,3.77791,6.12636,,,
1540585969.215563,3.77791,6.12688,0,0,0
1540585969.3229187,3.77791,6.12688,,,
1540585969.4313867,3.77791,6.12688,,,
1540585969.532781,3.77768,6.12712,,,
1540585969.6258101,3.77768,6.12712,,,
1540585969.7197418,3.77768,6.12712,,,
1540585969.852408,3.77745,6.12712,,,
1540585969.9278824,3.77745,6.12764,,,
1540585970.0152671,3.77745,6.12764,,,
1540585970.1166239,3.77745,6.12764,,,
1540585970.2363138,3.77724,6.1279,0,0,0
1540585970.3423266,3.77724,6.1279,,,
1540585970.4164643,3.77724,6.1279,,,
1540585970.5162628,3.77701,6.12842,,,
1540585970.6258934,3.77701,6.12842,,,
1540585970.729705,3.77701,6.12842,,,
1540585970.8196473,3.7767,6.12842,,,
1540585970.9193044,3.7767,6.12868,,,
1540585971.020401,3.7767,6.12868,,,
1540585971.1217928,3.7767,6.12868,,,
1540585971.219355,3.77647,6.12918,0,0,0
1540585971.318872,3.77647,6.12918,,,
1540585971.4208329,3.77647,6.12918,,,
1540585971.5352995,3.77625,6.12944,,,
1540585971.644464,3.77625,6.12944,,,
1540585971.7276852,3.77625,6.12944,,,
1540585971.82072,3.77602,6.12944,,,
1540585971.9324815,3.77602,6.12996,,,
1540585972.0370793,3.77602,6.12996,,,
1540585972.1272492,3.77602,6.12996,,,
1540585972.22245,3.77579,6.12996,0,0,0
1540585972.3248358,3.77579,6.12996,,,
1540585972.4326036,3.77579,6.12996,,,
1540585972.5260386,3.77556,6.13022,,,
1540585972.6297998,3.77556,6.13022,,,
1540585972.721844,3.77556,6.13022,,,
1540585972.820653,3.77534,6.13022,,,
1540585972.924701,3.77534,6.13072,,,
1540585973.0222461,3.77534,6.13072,,,
1540585973.124766,3.77534,6.13072,,,
1540585973.2357702,3.77512,6.13098,0,0,0
1540585973.3532023,3.77512,6.13098,,,
1540585973.4338944,3.77512,6.13098,,,
1540585973.5234988,3.77489,6.13124,,,
1540585973.6373215,3.77489,6.13124,,,
1540585973.7474747,3.77489,6.13124,,,
1540585973.8308885,3.77466,6.13124,,,
1540585973.9264255,3.77466,6.13202,,,
1540585974.0290759,3.77466,6.13202,,,
1540585974.1285574,3.77466,6.13202,,,
1540585974.2273264,3.77443,6.13202,0,0,0
1540585974.3303647,3.77443,6.13202,,,
1540585974.4263766,3.77443,6.13202,,,
1540585974.5310812,3.7742,6.13252,,,
1540585974.6320896,3.7742,6.13252,,,
1540585974.7287061,3.7742,6.13252,,,
1540585974.828824,3.7739,6.13252,,,
1540585974.945719,3.7739,6.13304,,,
1540585975.0529382,3.7739,6.13304,,,
1540585975.1364284,3.7739,6.13304,,,
1540585975.229629,3.77367,6.1333,0,0,0
1540585975.3462334,3.77367,6.1333,,,
1540585975.447226,3.77367,6.1333,,,
1540585975.5334718,3.77344,6.13382,,,
1540585975.6287096,3.77344,6.13382,,,
1540585975.7312338,3.77344,6.13382,,,
1540585975.8338876,3.77322,6.13382,,,
1540585975.930912,3.77322,6.13408,,,
1540585976.031021,3.77322,6.13408,,,
1540585976.1302845,3.77322,6.13408,,,
1540585976.251022,3.77299,6.13458,0,0,0
1540585976.3536618,3.77299,6.13458,,,
1540585976.4322913,3.77299,6.13458,,,
1540585976.5311992,3.77277,6.1351,,,
1540585976.640428,3.77277,6.1351,,,
1540585976.7453396,3.77277,6.1351,,,
1540585976.8393092,3.77254,6.1351,,,
1540585976.93394,3.77254,6.13536,,,
1540585977.0342827,3.77254,6.13536,,,
1540585977.1353567,3.77254,6.13536,,,
1540585977.2360597,3.77231,6.13588,0,0,0
1540585977.3331647,3.77231,6.13588,,,
1540585977.4333491,3.77231,6.13588,,,
1540585977.5513644,3.77208,6.13612,,,
1540585977.6565404,3.77208,6.13612,,,
1540585977.735742,3.77208,6.13612,,,
1540585977.839733,3.77185,6.13612,,,
1540585977.9408166,3.77185,6.13664,,,
1540585978.0511062,3.77185,6.13664,,,
1540585978.1384714,3.77185,6.13664,,,
1540585978.234469,3.77162,6.13716,0,0,0
1540585978.3423457,3.77162,6.13716,,,
1540585978.4678495,3.77162,6.13716,,,
1540585978.5416229,3.77141,6.13716,,,
1540585978.635349,3.77141,6.13742,,,
1540585978.7344792,3.77141,6.13742,,,
1540585978.8370771,3.7711,6.13742,,,
1540585978.9415853,3.7711,6.13792,,,
1540585979.0388436,3.7711,6.13792,,,
1540585979.1369452,3.7711,6.13792,,,
1540585979.2773674,3.77087,6.13818,0,0,0
1540585979.3653078,3.77087,6.13818,,,
1540585979.445242,3.77087,6.13818,,,
1540585979.540138,3.77065,6.13818,,,
1540585979.650009,3.77065,6.13844,,,
1540585979.7546873,3.77065,6.13844,,,
1540585979.845075,3.77042,6.13844,,,
1540585979.9403563,3.77042,6.13896,,,
1540585980.0415916,3.77042,6.13896,,,
1540585980.148439,3.77042,6.13896,,,
1540585980.2452357,3.77019,6.13922,0,0,0
1540585980.3410103,3.77019,6.13922,,,
1540585980.4401226,3.77019,6.13922,,,
1540585980.5573037,3.76996,6.13972,,,
1540585980.672555,3.76996,6.13972,,,
1540585980.7743893,3.76996,6.13972,,,
1540585980.846885,3.76973,6.13972,,,
1540585980.9551988,3.76973,6.14024,,,
1540585981.0655582,3.76973,6.14024,,,
1540585981.15016,3.76973,6.14024,0,0,0
1540585981.2444484,3.76952,6.1405,,,
1540585981.3496268,3.76952,6.1405,,,
1540585981.4550974,3.76952,6.1405,,,
1540585981.5442414,3.76929,6.1405,,,
1540585981.6430511,3.76929,6.14102,,,
1540585981.7430005,3.76929,6.14102,,,
1540585981.8460515,3.76906,6.14102,,,
1540585981.9416063,3.76906,6.14128,,,
1540585982.0412383,3.76906,6.14128,,,
1540585982.141496,3.76906,6.14128,,,
1540585982.2652326,3.76883,6.14153,0,0,0
1540585982.3699646,3.76883,6.14153,,,
1540585982.4535162,3.76883,6.14153,,,
1540585982.547846,3.7686,6.14153,,,
1540585982.6571062,3.7686,6.14204,,,
1540585982.7724972,3.7686,6.14204,,,
1540585982.8501499,3.76837,6.14204,,,
1540585982.9819772,3.76837,6.1423,,,
1540585983.0552225,3.76837,6.1423,,,
1540585983.1631353,3.76837,6.1423,0,0,0
1540585983.2490947,3.76814,6.1423,,,
1540585983.3449144,3.76814,6.1423,,,
1540585983.4551058,3.76814,6.1423,,,
1540585983.5586767,3.76791,6.1423,,,
1540585983.6460376,3.76791,6.14256,,,
1540585983.7481458,3.76791,6.14256,,,
1540585983.8461206,3.76791,6.14256,,,
1540585983.95191,3.76768,6.14308,,,
1540585984.0524056,3.76768,6.14308,,,
1540585984.1530082,3.76768,6.14308,,,
1540585984.2494473,3.76747,6.14359,0,0,0
1540585984.3656514,3.76747,6.14359,,,
1540585984.469089,3.76747,6.14359,,,
1540585984.554278,3.76724,6.14359,,,
1540585984.6489773,3.76724,6.14384,,,
1540585984.7487552,3.76724,6.14384,,,
1540585984.8534148,3.76701,6.14384,,,
1540585984.9486926,3.76701,6.1441,,,
1540585985.0480955,3.76701,6.1441,,,
1540585985.184648,3.76701,6.1441,,,
1540585985.2612097,3.76678,6.14462,0,0,0
1540585985.3566358,3.76678,6.14462,,,
1540585985.4512112,3.76678,6.14462,,,
1540585985.5513396,3.76656,6.14462,,,
1540585985.672139,3.76656,6.14488,,,
1540585985.7810645,3.76656,6.14488,,,
1540585985.8551795,3.76656,6.14488,,,
1540585985.9536564,3.76633,6.14539,,,
1540585986.0650253,3.76633,6.14539,,,
1540585986.1715565,3.76633,6.14539,0,0,0
1540585986.253154,3.76602,6.1459,,,
1540585986.3504434,3.76602,6.1459,,,
1540585986.4506934,3.76602,6.1459,,,
1540585986.5570312,3.76579,6.1459,,,
1540585986.6541796,3.76579,6.14616,,,
1540585986.7510216,3.76579,6.14616,,,
1540585986.850667,3.76579,6.14616,,,
1540585986.9722948,3.76566,6.14668,,,
1540585987.053534,3.76566,6.14668,,,
1540585987.1537702,3.76566,6.14668,,,
1540585987.251657,3.76543,6.14694,0,0,0
1540585987.357735,3.76543,6.14694,,,
1540585987.4720283,3.76543,6.14694,,,
1540585987.554674,3.76512,6.14694,,,
1540585987.6548963,3.76512,6.14745,,,
1540585987.7540646,3.76512,6.14745,,,
1540585987.862784,3.76512,6.14745,,,
1540585987.9547603,3.76489,6.14771,,,
1540585988.054153,3.76489,6.14771,,,
1540585988.1539996,3.76489,6.14771,0,0,0
1540585988.2583065,3.76466,6.14822,,,
1540585988.3599973,3.76466,6.14822,,,
1540585988.459702,3.76466,6.14822,,,
1540585988.5560677,3.76451,6.14822,,,
1540585988.6752453,3.76451,6.14848,,,
1540585988.7937508,3.76451,6.14848,,,
1540585988.8720787,3.76451,6.14848,,,
1540585988.9583669,3.76428,6.14899,,,
1540585989.0686,3.76428,6.14899,,,
1540585989.1739144,3.76428,6.14899,0,0,0
1540585989.2577434,3.76398,6.14925,,,
1540585989.3596716,3.76398,6.14925,,,
1540585989.4644291,3.76398,6.14925,,,
1540585989.581029,3.76376,6.14925,,,
1540585989.6790738,3.76376,6.14977,,,
1540585989.763931,3.76376,6.14977,,,
1540585989.8588772,3.76376,6.14977,,,
1540585989.9601457,3.76353,6.15002,,,
1540585990.060762,3.76353,6.15002,,,
1540585990.1584656,3.76353,6.15002,0,0,0
1540585990.2583907,3.76331,6.15054,,,
1540585990.3736074,3.76331,6.15054,,,
1540585990.48351,3.76331,6.15054,,,
1540585990.5633025,3.76308,6.15054,,,
1540585990.6591628,3.76308,6.15079,,,
1540585990.7711544,3.76308,6.15079,,,
1540585990.8744242,3.76308,6.15079,,,
1540585990.9627564,3.76285,6.15131,,,
1540585991.0624235,3.76285,6.15131,,,
1540585991.1602275,3.76285,6.15131,0,0,0
1540585991.2672281,3.76262,6.15131,,,
1540585991.3610404,3.76262,6.15157,,,
1540585991.4626248,3.76262,6.15157,,,
1540585991.5597,3.76239,6.15157,,,
1540585991.6841204,3.76239,6.15208,,,
1540585991.7913275,3.76239,6.15208,,,
1540585991.8661358,3.76239,6.15208,,,
1540585991.9613478,3.76216,6.15234,,,
1540585992.0734966,3.76216,6.15234,,,
1540585992.1812735,3.76216,6.15234,0,0,0
1540585992.263638,3.76201,6.15234,,,
1540585992.361904,3.76201,6.15285,,,
1540585992.461757,3.76201,6.15285,,,
1540585992.5727115,3.7618,6.15285,,,
1540585992.665939,3.7618,6.15311,,,
1540585992.7654169,3.7618,6.15311,,,
1540585992.864648,3.7618,6.15311,,,
1540585992.9694197,3.76149,6.15363,,,
1540585993.0662086,3.76149,6.15363,,,
1540585993.166133,3.76149,6.15363,0,0,0
1540585993.2677834,3.76134,6.15363,,,
1540585993.3814278,3.76134,6.15388,,,
1540585993.4868667,3.76134,6.15388,,,
1540585993.5713165,3.76111,6.15388,,,
1540585993.6653671,3.76111,6.15439,,,
1540585993.7666047,3.76111,6.15439,,,
1540585993.869122,3.76111,6.15439,,,
1540585994.0123003,3.76088,6.15465,,,
1540585994.0783997,3.76088,6.15465,,,
1540585994.169866,3.76088,6.15465,0,0,0
1540585994.271979,3.76065,6.15465,,,
1540585994.3725348,3.76065,6.15465,,,
1540585994.4688869,3.76065,6.15465,,,
1540585994.568681,3.76042,6.15465,,,
1540585994.6882145,3.76042,6.15491,,,
1540585994.7969491,3.76042,6.15491,,,
1540585994.876684,3.76042,6.15491,,,
1540585994.9729245,3.76019,6.15543,,,
1540585995.076682,3.76019,6.15543,,,
1540585995.1891725,3.76019,6.15543,0,0,0
1540585995.2787576,3.75998,6.15543,,,
1540585995.3704998,3.75998,6.15569,,,
1540585995.47023,3.75998,6.15569,,,
1540585995.572488,3.75975,6.15569,,,
1540585995.6694648,3.75975,6.15594,,,
1540585995.768019,3.75975,6.15594,,,
1540585995.8680844,3.75975,6.15594,,,
1540585995.9891376,3.75952,6.15645,,,
1540585996.0981324,3.75952,6.15645,,,
1540585996.1728342,3.75952,6.15645,0,0,0
1540585996.2686312,3.75929,6.15645,,,
1540585996.3840673,3.75929,6.15671,,,
1540585996.4912145,3.75929,6.15671,,,
1540585996.578963,3.75906,6.15671,,,
1540585996.6751723,3.75906,6.15723,,,
1540585996.7863104,3.75906,6.15723,,,
1540585996.9183595,3.75906,6.15723,,,
1540585996.983328,3.75883,6.15775,,,
1540585997.077258,3.75883,6.15775,,,
1540585997.176364,3.75883,6.15775,0,0,0
1540585997.2810163,3.75861,6.15775,,,
1540585997.3753521,3.75861,6.15799,,,
1540585997.4728644,3.75861,6.15799,,,
1540585997.573612,3.75861,6.15799,,,
1540585997.726328,3.75838,6.15851,,,
1540585997.8122938,3.75838,6.15851,,,
1540585997.8813882,3.75838,6.15851,,,
1540585997.980401,3.75815,6.15877,,,
1540585998.0952022,3.75815,6.15877,,,
1540585998.1995296,3.75815,6.15877,0,0,0
1540585998.2884426,3.75793,6.15877,,,
1540585998.3802235,3.75793,6.15903,,,
1540585998.4798615,3.75793,6.15903,,,
1540585998.5915308,3.75771,6.15903,,,
1540585998.6885688,3.75771,6.15955,,,
1540585998.781493,3.75771,6.15955,,,
1540585998.8812013,3.75771,6.15955,,,
1540585999.0036516,3.75748,6.15979,,,
1540585999.0816793,3.75748,6.15979,,,
1540585999.1817107,3.75748,6.15979,0,0,0
1540585999.2810752,3.75725,6.15979,,,
1540585999.3937397,3.75725,6.16031,,,
1540585999.5024178,3.75725,6.16031,,,
1540585999.5850644,3.75725,6.16031,,,
1540585999.6817322,3.75702,6.16083,,,
1540585999.7868617,3.75702,6.16083,,,
1540585999.894478,3.75702,6.16083,,,
1540585999.984844,3.75679,6.16109,,,
1540586000.083092,3.75679,6.16109,,,
1540586000.1825721,3.75679,6.16109,0,0,0
1540586000.28806,3.75656,6.16109,,,
1540586000.3822927,3.75656,6.16135,,,
1540586000.4818068,3.75656,6.16135,,,
1540586000.588187,3.75656,6.16135,,,
1540586000.7082984,3.75633,6.16185,,,
1540586000.8094823,3.75633,6.16185,,,
1540586000.894816,3.75633,6.16185,,,
1540586000.9889696,3.75612,6.16211,,,
1540586001.0991757,3.75612,6.16211,,,
1540586001.2128432,3.75612,6.16211,0,0,0
1540586001.313985,3.75589,6.16211,,,
1540586001.403657,3.75589,6.16263,,,
1540586001.4940724,3.75589,6.16263,,,
1540586001.5997756,3.75574,6.16263,,,
1540586001.6868796,3.75574,6.16289,,,
1540586001.7878425,3.75574,6.16289,,,
1540586001.886809,3.75574,6.16289,,,
1540586001.9926429,3.75551,6.16315,,,
1540586002.0870352,3.75551,6.16315,,,
1540586002.1980937,3.75551,6.16315,0,0,0
1540586002.2905712,3.75528,6.16315,,,
1540586002.4147453,3.75528,6.16391,,,
1540586002.516674,3.75528,6.16391,,,
1540586002.5965717,3.75528,6.16391,,,
1540586002.6937099,3.75505,6.16391,,,
1540586002.80015,3.75505,6.16391,,,
1540586002.9139407,3.75505,6.16391,,,
1540586002.9969409,3.75482,6.16443,,,
1540586003.091774,3.75482,6.16443,,,
1540586003.1922913,3.75482,6.16443,0,0,0
1540586003.2969487,3.75459,6.16443,,,
1540586003.3929806,3.75459,6.16495,,,
1540586003.5088773,3.75459,6.16495,,,
1540586003.6115735,3.75436,6.16495,,,
1540586003.7018461,3.75436,6.16519,,,
1540586003.7968853,3.75436,6.16519,,,
1540586003.8962135,3.75436,6.16519,,,
1540586003.9967344,3.75415,6.16571,,,
1540586004.11177,3.75415,6.16571,,,
1540586004.2181969,3.75415,6.16571,0,0,0
1540586004.2957232,3.75392,6.16571,,,
1540586004.396817,3.75392,6.16597,,,
1540586004.5030246,3.75392,6.16597,,,
1540586004.6024365,3.75392,6.16597,,,
1540586004.6986983,3.75369,6.16623,,,
1540586004.7944975,3.75369,6.16623,,,
1540586004.8953505,3.75369,6.16623,,,
1540586004.9983327,3.75346,6.16675,,,
1540586005.0976944,3.75346,6.16675,,,
1540586005.1987321,3.75346,6.16675,0,0,0
1540586005.2971814,3.75323,6.16675,,,
1540586005.4124396,3.75323,6.16699,,,
1540586005.5241995,3.75323,6.16699,,,
1540586005.6016312,3.75323,6.16699,,,
1540586005.70199,3.75308,6.16699,,,
1540586005.8287332,3.75308,6.16699,,,
1540586005.9055085,3.75308,6.16699,,,
1540586006.0005887,3.75285,6.16699,,,
1540586006.0990405,3.75285,6.16725,,,
1540586006.1984773,3.75285,6.16725,0,0,0
1540586006.3017569,3.75262,6.16725,,,
1540586006.3997116,3.75262,6.16777,,,
1540586006.4980366,3.75262,6.16777,,,
1540586006.5982645,3.75262,6.16777,,,
1540586006.723973,3.7524,6.16803,,,
1540586006.8016539,3.7524,6.16803,,,
1540586006.9007392,3.7524,6.16803,,,
1540586007.0008986,3.75218,6.16803,,,
1540586007.112114,3.75218,6.16855,,,
1540586007.21918,3.75218,6.16855,0,0,0
1540586007.3056567,3.75195,6.16855,,,
1540586007.402374,3.75195,6.16879,,,
1540586007.503637,3.75195,6.16879,,,
1540586007.6073582,3.75195,6.16879,,,
1540586007.7012932,3.75172,6.16905,,,
1540586007.8011224,3.75172,6.16905,,,
1540586007.9009893,3.75172,6.16905,,,
1540586008.0084565,3.7515,6.16905,,,
1540586008.1036675,3.7515,6.16957,,,
1540586008.203187,3.7515,6.16957,0,0,0
1540586008.3010564,3.75127,6.16957,,,
1540586008.4202218,3.75127,6.16983,,,
1540586008.5244868,3.75127,6.16983,,,
1540586008.605673,3.75127,6.16983,,,
1540586008.7330194,3.75104,6.17035,,,
1540586008.8143415,3.75104,6.17035,,,
1540586008.9128394,3.75104,6.17035,,,
1540586009.007029,3.75089,6.17035,,,
1540586009.1038156,3.75089,6.17059,,,
1540586009.205802,3.75089,6.17059,0,0,0
1540586009.30503,3.75066,6.17059,,,
1540586009.4069326,3.75066,6.17111,,,
1540586009.504935,3.75066,6.17111,,,
1540586009.604537,3.75066,6.17111,,,
1540586009.7188249,3.75043,6.17137,,,
1540586009.830614,3.75043,6.17137,,,
1540586009.9112809,3.75043,6.17137,,,
1540586010.0076435,3.75021,6.17137,,,
1540586010.119896,3.75021,6.17189,,,
1540586010.2286448,3.75021,6.17189,0,0,0
1540586010.3108902,3.74998,6.17189,,,
1540586010.4084125,3.74998,6.17265,,,
1540586010.509159,3.74998,6.17265,,,
1540586010.6111562,3.74998,6.17265,,,
1540586010.709437,3.74976,6.17317,,,
1540586010.8081725,3.74976,6.17317,,,
1540586010.9409244,3.74976,6.17317,,,
1540586011.0362856,3.7496,6.17317,,,
1540586011.1326742,3.7496,6.17317,,,
1540586011.2131736,3.7496,6.17317,0,0,0
1540586011.3080802,3.74937,6.17317,,,
1540586011.419397,3.74937,6.17317,,,
1540586011.5286336,3.74937,6.17317,,,
1540586011.611414,3.74937,6.17317,,,
1540586011.736717,3.74915,6.17369,,,
1540586011.815791,3.74915,6.17369,,,
1540586011.916675,3.74915,6.17369,,,
1540586012.0109413,3.74892,6.17369,,,
1540586012.11117,3.74892,6.17395,,,
1540586012.2109358,3.74892,6.17395,0,0,0
1540586012.3145716,3.74869,6.17395,,,
1540586012.4108055,3.74869,6.17445,,,
1540586012.5121942,3.74869,6.17445,,,
1540586012.6152568,3.74869,6.17445,,,
1540586012.7352877,3.74846,6.17471,,,
1540586012.836107,3.74846,6.17471,,,
1540586012.9149854,3.74846,6.17471,,,
1540586013.0134792,3.74825,6.17471,,,
1540586013.117654,3.74825,6.17523,,,
1540586013.2343173,3.74825,6.17523,0,0,0
1540586013.331126,3.74802,6.17523,,,
1540586013.4239717,3.74802,6.17549,,,
1540586013.5197992,3.74802,6.17549,,,
1540586013.6428807,3.74802,6.17549,,,
1540586013.746755,3.74786,6.17575,,,
1540586013.8205283,3.74786,6.17575,,,
1540586013.9178057,3.74786,6.17575,,,
1540586014.0316203,3.74763,6.17575,,,
1540586014.1448593,3.74763,6.17625,,,
1540586014.218608,3.74763,6.17625,0,0,0
1540586014.315723,3.74763,6.17625,,,
1540586014.423768,3.74741,6.17651,,,
1540586014.5284915,3.74741,6.17651,,,
1540586014.6164799,3.74741,6.17651,,,
1540586014.719866,3.74718,6.17703,,,
1540586014.8158371,3.74718,6.17703,,,
1540586014.9207578,3.74718,6.17703,,,
1540586015.0212865,3.74695,6.17703,,,
1540586015.1201177,3.74695,6.17729,,,
1540586015.317132,3.74695,6.17729,,,
1540586015.502343,3.71744,7.77699,,,
1540586015.6620965,3.71744,7.77699,,,
1540586015.839206,3.68715,8.9893,,,
1540586015.9973626,3.68541,8.9893,,,
1540586016.1555734,3.68541,8.99367,,,
1540586016.3281531,3.68541,8.99367,,,
1540586016.4885242,3.68405,8.99701,,,
1540586016.647477,3.68405,8.99701,,,
1540586016.8049812,3.68292,8.99985,,,
1540586016.9083712,3.68292,8.99985,0,0,0
1540586017.007009,3.70956,8.99985,0,0,0
1540586017.1158142,3.70956,7.48503,,,
1540586017.1980066,3.70956,7.48503,0,0,0
1540586017.297553,3.70956,7.48503,,,
1540586017.4008577,3.74052,6.18784,,,
1540586017.4905114,3.74052,6.18784,,,
1540586017.590236,3.74052,6.18784,,,
1540586017.6977608,3.7412,6.18784,,,
1540586017.8027291,3.7412,6.18706,,,
1540586017.8873024,3.7412,6.18706,,,
1540586017.9894161,3.7412,6.18706,,,
1540586018.093117,3.7415,6.18655,,,
1540586018.1916025,3.7415,6.18655,0,0,0
1540586018.2894323,3.7415,6.18655,,,
1540586018.3905752,3.74158,6.18655,,,
1540586018.4931116,3.74158,6.18629,,,
1540586018.6157343,3.74158,6.18629,,,
1540586018.7226331,3.74165,6.18629,,,
1540586018.8066216,3.74165,6.18629,,,
1540586018.8999524,3.74165,6.18629,,,
1540586019.015852,3.74165,6.18629,,,
1540586019.1164792,3.74165,6.18629,,,
1540586019.1992588,3.74165,6.18629,0,0,0
1540586019.2942653,3.74165,6.18629,,,
1540586019.409229,3.74158,6.18629,,,
1540586019.5148828,3.74158,6.18629,,,
1540586019.594647,3.74158,6.18629,,,
1540586019.6941514,3.7415,6.18629,,,
1540586019.8053432,3.7415,6.18655,,,
1540586019.9072669,3.7415,6.18655,,,
1540586019.9987297,3.7415,6.18655,,,
1540586020.0989237,3.74142,6.1868,,,
1540586020.2008405,3.74142,6.1868,0,0,0
1540586020.299887,3.74142,6.1868,,,
1540586020.398852,3.74135,6.1868,,,
1540586020.4996002,3.74135,6.1868,,,
1540586020.6003757,3.74135,6.1868,,,
1540586020.7035718,3.7412,6.1868,,,
1540586020.8167913,3.7412,6.18706,,,
1540586020.9019618,3.7412,6.18706,,,
1540586020.9983075,3.7412,6.18706,,,
1540586021.1124048,3.74112,6.18732,,,
1540586021.2155426,3.74112,6.18732,0,0,0
1540586021.2968283,3.74112,6.18732,,,
1540586021.3977435,3.74097,6.18732,,,
1540586021.5098886,3.74097,6.18758,,,
1540586021.6115768,3.74097,6.18758,,,
1540586021.7004077,3.74081,6.18758,,,
1540586021.7985442,3.74081,6.18758,,,
1540586021.905846,3.74081,6.18758,,,
1540586022.011899,3.74081,6.18758,,,
1540586022.1014946,3.74068,6.18784,,,
1540586022.2010863,3.74068,6.18784,0,0,0
1540586022.312838,3.74068,6.18784,,,
1540586022.412446,3.74052,6.18784,,,
1540586022.501098,3.74052,6.18784,,,
1540586022.597118,3.74052,6.18784,,,
1540586022.706482,3.74037,6.18784,,,
1540586022.807989,3.74037,6.1881,,,
1540586022.9015958,3.74037,6.1881,,,
1540586022.9998822,3.74037,6.1881,,,
1540586023.1020465,3.74022,6.18835,,,
1540586023.2039707,3.74022,6.18835,0,0,0
1540586023.3019538,3.74022,6.18835,,,
1540586023.400726,3.74007,6.18835,,,
1540586023.5039165,3.74007,6.1886,,,
1540586023.6219392,3.74007,6.1886,,,
1540586023.697666,3.73984,6.1886,,,
1540586023.8019192,3.73984,6.18886,,,
1540586023.892686,3.73984,6.18886,,,
1540586024.005699,3.73984,6.18886,,,
1540586024.113925,3.73969,6.18912,,,
1540586024.1948142,3.73969,6.18912,0,0,0
1540586024.3010857,3.73969,6.18912,,,
1540586024.4024975,3.73953,6.18912,,,
1540586024.501168,3.73953,6.18964,,,
1540586024.6006937,3.73953,6.18964,,,
1540586024.6984136,3.73953,6.18964,,,
1540586024.7960157,3.73938,6.18964,,,
1540586024.9380226,3.73938,6.18964,,,
1540586025.0307138,3.73938,6.18964,,,
1540586025.0996583,3.73915,6.1899,,,
1540586025.2169504,3.73915,6.1899,0,0,0
1540586025.3171613,3.73915,6.1899,,,
1540586025.4180124,3.739,6.1899,,,
1540586025.5068872,3.739,6.1904,,,
1540586025.6064315,3.739,6.1904,,,
1540586025.7104387,3.739,6.1904,,,
1540586025.825615,3.73885,6.19092,,,
1540586025.9130633,3.73885,6.19092,,,
1540586026.0119486,3.73885,6.19092,,,
1540586026.1098804,3.73863,6.19092,,,
1540586026.2243905,3.73863,6.19092,0,0,0
1540586026.3304012,3.73863,6.19092,,,
1540586026.414304,3.73848,6.19092,,,
1540586026.514336,3.73848,6.19118,,,
1540586026.624174,3.73848,6.19118,,,
1540586026.7351415,3.73833,6.19118,,,
1540586026.815387,3.73833,6.1917,,,
1540586026.9121158,3.73833,6.1917,,,
1540586027.021192,3.73833,6.1917,,,
1540586027.1290371,3.7381,6.19196,,,
1540586027.2151575,3.7381,6.19196,0,0,0
1540586027.3178542,3.7381,6.19196,,,
1540586027.4236548,3.73795,6.19196,,,
1540586027.525428,3.73795,6.1922,,,
1540586027.615846,3.73795,6.1922,,,
1540586027.7168665,3.73795,6.1922,,,
1540586027.8147955,3.73772,6.19272,,,
1540586027.9216006,3.73772,6.19272,,,
1540586028.0191,3.73772,6.19272,,,
1540586028.1240687,3.73756,6.19272,,,
1540586028.220303,3.73756,6.19272,0,0,0
1540586028.3354301,3.73756,6.19272,,,
1540586028.4418523,3.73734,6.19272,,,
1540586028.5169008,3.73734,6.19298,,,
1540586028.6179292,3.73734,6.19298,,,
1540586028.7264125,3.73718,6.19298,,,
1540586028.8381374,3.73718,6.1935,,,
1540586028.921157,3.73718,6.1935,,,
1540586029.0229876,3.73718,6.1935,,,
1540586029.128415,3.73695,6.19376,,,
1540586029.2348175,3.73695,6.19376,0,0,0
1540586029.3215117,3.73695,6.19376,,,
1540586029.447747,3.73682,6.19376,,,
1540586029.5278485,3.73682,6.194,,,
1540586029.6344407,3.73682,6.194,,,
1540586029.7195792,3.73682,6.194,,,
1540586029.8217306,3.73666,6.19452,,,
1540586029.92589,3.73666,6.19452,,,
1540586030.028848,3.73666,6.19452,,,
1540586030.1199012,3.73643,6.19478,,,
1540586030.2201505,3.73643,6.19478,0,0,0
1540586030.3217392,3.73643,6.19478,,,
1540586030.4234605,3.73628,6.19478,,,
1540586030.5291429,3.73628,6.19504,,,
1540586030.6252139,3.73628,6.19504,,,
1540586030.7211094,3.73628,6.19504,,,
1540586030.8422742,3.73605,6.1953,,,
1540586030.945356,3.73605,6.1953,,,
1540586031.0230193,3.73605,6.1953,,,
1540586031.125636,3.7359,6.1958,,,
1540586031.2305043,3.7359,6.1958,0,0,0
1540586031.338304,3.7359,6.1958,,,
1540586031.4292622,3.73567,6.1958,,,
1540586031.5285196,3.73567,6.19606,,,
1540586031.6294272,3.73567,6.19606,,,
1540586031.7284505,3.73567,6.19606,,,
1540586031.8288665,3.73552,6.19632,,,
1540586031.9281821,3.73552,6.19632,,,
1540586032.0284808,3.73552,6.19632,,,
1540586032.1470523,3.73529,6.19684,,,
1540586032.251265,3.73529,6.19684,0,0,0
1540586032.3286626,3.73529,6.19684,,,
1540586032.4294863,3.73514,6.19684,,,
1540586032.5381684,3.73514,6.19684,,,
1540586032.6432667,3.73514,6.19684,,,
1540586032.7322521,3.73514,6.19684,,,
1540586032.8250058,3.73492,6.1971,,,
1540586032.9358683,3.73492,6.1971,,,
1540586033.0429008,3.73492,6.1971,,,
1540586033.1327815,3.73477,6.1976,,,
1540586033.235897,3.73477,6.1976,0,0,0
1540586033.3355534,3.73477,6.1976,,,
1540586033.434026,3.73454,6.1976,,,
1540586033.5282385,3.73454,6.19786,,,
1540586033.627923,3.73454,6.19786,,,
1540586033.7290354,3.73454,6.19786,,,
1540586033.8285015,3.73439,6.19812,,,
1540586033.9271288,3.73439,6.19812,,,
1540586034.0272658,3.73439,6.19812,,,
1540586034.1316156,3.73416,6.19864,,,
1540586034.2465975,3.73416,6.19864,0,0,0
1540586034.3508503,3.73416,6.19864,,,
1540586034.4335017,3.73393,6.19864,,,
1540586034.53675,3.73393,6.1989,,,
1540586034.6392221,3.73393,6.1989,,,
1540586034.7383595,3.73393,6.1989,,,
1540586034.834628,3.73378,6.19916,,,
1540586034.935844,3.73378,6.19916,,,
1540586035.0327673,3.73378,6.19916,,,
1540586035.1343503,3.73363,6.19916,,,
1540586035.2330003,3.73363,6.1994,0,0,0
1540586035.3328767,3.73363,6.1994,,,
1540586035.432106,3.7334,6.1994,,,
1540586035.5506155,3.7334,6.19992,,,
1540586035.6537337,3.7334,6.19992,,,
1540586035.7430818,3.7334,6.19992,,,
1540586035.8431597,3.73325,6.20018,,,
1540586035.9494,3.73325,6.20018,,,
1540586036.0516021,3.73325,6.20018,,,
1540586036.1389313,3.73303,6.20018,,,
1540586036.2381473,3.73303,6.20044,0,0,0
1540586036.3471725,3.73303,6.20044,,,
1540586036.4500887,3.7328,6.20044,,,
1540586036.5357573,3.7328,6.20096,,,
1540586036.6358929,3.7328,6.20096,,,
1540586036.74048,3.7328,6.20096,,,
1540586036.8495705,3.73265,6.2012,,,
1540586036.9417365,3.73265,6.2012,,,
1540586037.0411756,3.73265,6.2012,,,
1540586037.143674,3.73242,6.2012,,,
1540586037.260809,3.73242,6.20146,0,0,0
1540586037.3732567,3.73242,6.20146,,,
1540586037.4452708,3.73227,6.20146,,,
1540586037.545296,3.73227,6.20198,,,
1540586037.658988,3.73227,6.20198,,,
1540586037.7686484,3.73204,6.20198,,,
1540586037.8448575,3.73204,6.20198,,,
1540586037.9429326,3.73204,6.20198,,,
1540586038.052941,3.73204,6.20198,,,
1540586038.1592267,3.73189,6.20198,,,
1540586038.240481,3.73189,6.20224,0,0,0
1540586038.3462284,3.73189,6.20224,,,
1540586038.4478068,3.73166,6.20224,,,
1540586038.548165,3.73166,6.20276,,,
1540586038.6442256,3.73166,6.20276,,,
1540586038.7432399,3.73166,6.20276,,,
1540586038.848113,3.73151,6.203,,,
1540586038.9449866,3.73151,6.203,,,
1540586039.0469685,3.73151,6.203,,,
1540586039.144769,3.73135,6.203,,,
1540586039.2478633,3.73135,6.203,0,0,0
1540586039.3576677,3.73135,6.203,,,
1540586039.4666364,3.73114,6.203,,,
1540586039.5494592,3.73114,6.20326,,,
1540586039.643812,3.73114,6.20326,,,
1540586039.7549846,3.73114,6.20326,,,
1540586039.863449,3.73099,6.20352,,,
1540586039.9481127,3.73099,6.20352,,,
1540586040.0445874,3.73099,6.20352,,,
1540586040.1537042,3.73076,6.20352,,,
1540586040.259794,3.73076,6.20378,0,0,0
1540586040.3485317,3.73076,6.20378,,,
1540586040.4457476,3.73053,6.20378,,,
1540586040.5500233,3.73053,6.2043,,,
1540586040.6493886,3.73053,6.2043,,,
1540586040.748843,3.73053,6.2043,,,
1540586040.8468506,3.73038,6.20456,,,
1540586040.9492216,3.73038,6.20456,,,
1540586041.0706463,3.73038,6.20456,,,
1540586041.1759994,3.73015,6.20456,0,0,0
1540586041.2569468,3.73015,6.2048,,,
1540586041.3547106,3.73015,6.2048,,,
1540586041.464889,3.73,6.2048,,,
1540586041.5764515,3.73,6.20506,,,
1540586041.6693332,3.73,6.20506,,,
1540586041.7575715,3.73,6.20506,,,
1540586041.8583043,3.72977,6.20558,,,
1540586041.9602635,3.72977,6.20558,,,
1540586042.0498211,3.72977,6.20558,,,
1540586042.1515625,3.72954,6.20558,,,
1540586042.254615,3.72954,6.20584,0,0,0
1540586042.3632603,3.72954,6.20584,,,
1540586042.454835,3.72939,6.20584,,,
1540586042.5540752,3.72939,6.2061,,,
1540586042.6538088,3.72939,6.2061,,,
1540586042.7611852,3.72939,6.2061,,,
1540586042.8528926,3.72923,6.20636,,,
1540586042.9559102,3.72923,6.20636,,,
1540586043.056506,3.72923,6.20636,,,
1540586043.1749227,3.72902,6.20636,0,0,0
1540586043.2635658,3.72902,6.20686,,,
1540586043.3599808,3.72902,6.20686,,,
1540586043.4566152,3.72902,6.20686,,,
1540586043.569552,3.72879,6.20738,,,
1540586043.6755567,3.72879,6.20738,,,
1540586043.757475,3.72879,6.20738,,,
1540586043.8604162,3.72864,6.20816,,,
1540586043.963648,3.72864,6.20816,,,
1540586044.0704322,3.72864,6.20816,,,
1540586044.1619153,3.72849,6.20816,0,0,0
1540586044.260178,3.72849,6.2084,,,
1540586044.3632224,3.72849,6.2084,,,
1540586044.4646564,3.72826,6.2084,,,
1540586044.563773,3.72826,6.20866,,,
1540586044.6635995,3.72826,6.20866,,,
1540586044.7617939,3.72826,6.20866,,,
1540586044.882713,3.72803,6.20918,,,
1540586044.983506,3.72803,6.20918,,,
1540586045.0660195,3.72803,6.20918,,,
1540586045.1629689,3.72787,6.20918,0,0,0
1540586045.2733774,3.72787,6.20944,,,
1540586045.3755548,3.72787,6.20944,,,
1540586045.4644043,3.72787,6.20944,,,
1540586045.561873,3.72765,6.20944,,,
1540586045.6639917,3.72765,6.20944,,,
1540586045.7634597,3.72765,6.20944,,,
1540586045.86348,3.72749,6.20996,,,
1540586045.9621031,3.72749,6.20996,,,
1540586046.0620043,3.72749,6.20996,,,
1540586046.1808743,3.72728,6.21021,0,0,0
1540586046.2867649,3.72728,6.21021,,,
1540586046.373547,3.72728,6.21021,,,
1540586046.4612453,3.72728,6.21021,,,
1540586046.5717762,3.72713,6.21021,,,
1540586046.6795747,3.72713,6.21021,,,
1540586046.7694073,3.72713,6.21021,,,
1540586046.8660502,3.7269,6.21046,,,
1540586046.970262,3.7269,6.21046,,,
1540586047.0693173,3.7269,6.21046,,,
1540586047.1675963,3.72675,6.21046,0,0,0
1540586047.2656896,3.72675,6.21072,,,
1540586047.3670576,3.72675,6.21072,,,
1540586047.4658177,3.72675,6.21072,,,
1540586047.5669827,3.72652,6.21098,,,
1540586047.6658895,3.72652,6.21098,,,
1540586047.7658248,3.72652,6.21098,,,
1540586047.8798516,3.72636,6.21124,,,
1540586047.9832082,3.72636,6.21124,,,
1540586048.0768385,3.72636,6.21124,,,
1540586048.17073,3.72614,6.21124,0,0,0
1540586048.2798226,3.72614,6.21176,,,
1540586048.3784888,3.72614,6.21176,,,
1540586048.4753687,3.72614,6.21176,,,
1540586048.5710108,3.72598,6.21201,,,
1540586048.67086,3.72598,6.21201,,,
1540586048.7703826,3.72598,6.21201,,,
1540586048.8726876,3.72575,6.21227,,,
1540586048.9709792,3.72575,6.21227,,,
1540586049.0718944,3.72575,6.21227,,,
1540586049.1823235,3.7256,6.21227,0,0,0
1540586049.2880094,3.7256,6.21252,,,
1540586049.3762941,3.7256,6.21252,,,
1540586049.475265,3.7256,6.21252,,,
1540586049.5754976,3.72537,6.21278,,,
1540586049.673868,3.72537,6.21278,,,
1540586049.7738907,3.72537,6.21278,,,
1540586049.8738499,3.72523,6.2133,,,
1540586049.9693267,3.72523,6.2133,,,
1540586050.0926714,3.72523,6.2133,,,
1540586050.2005138,3.72501,6.2133,0,0,0
1540586050.2801833,3.72501,6.21356,,,
1540586050.3773675,3.72501,6.21356,,,
1540586050.4865997,3.72501,6.21356,,,
1540586050.5894747,3.72485,6.21381,,,
1540586050.6770015,3.72485,6.21381,,,
1540586050.77772,3.72485,6.21381,,,
1540586050.8820076,3.72462,6.21407,,,
1540586050.9830372,3.72462,6.21407,,,
1540586051.0791218,3.72462,6.21407,,,
1540586051.1789494,3.72447,6.21407,0,0,0
1540586051.2817097,3.72447,6.21458,,,
1540586051.3799973,3.72447,6.21458,,,
1540586051.4789412,3.72447,6.21458,,,
1540586051.5795445,3.72432,6.21484,,,
1540586051.6765928,3.72432,6.21484,,,
1540586051.7959375,3.72432,6.21484,,,
1540586051.8998268,3.72409,6.2151,,,
1540586051.9803498,3.72409,6.2151,,,
1540586052.0775433,3.72409,6.2151,,,
1540586052.1887083,3.72394,6.2151,0,0,0
1540586052.2899458,3.72394,6.21536,,,
1540586052.3811452,3.72394,6.21536,,,
1540586052.4831483,3.72394,6.21536,,,
1540586052.579959,3.72371,6.21587,,,
1540586052.684327,3.72371,6.21587,,,
1540586052.7862203,3.72371,6.21587,,,
1540586052.884073,3.72356,6.21587,,,
1540586052.9819658,3.72356,6.21613,,,
1540586053.0969453,3.72356,6.21613,,,
1540586053.2043073,3.72334,6.21613,0,0,0
1540586053.2903917,3.72334,6.21638,,,
1540586053.3852093,3.72334,6.21638,,,
1540586053.489363,3.72334,6.21638,,,
1540586053.590518,3.72319,6.21664,,,
1540586053.6880012,3.72319,6.21664,,,
1540586053.786633,3.72319,6.21664,,,
1540586053.8819683,3.72296,6.21664,,,
1540586053.9845846,3.72296,6.21716,,,
1540586054.0852938,3.72296,6.21716,,,
1540586054.1851242,3.72281,6.21716,0,0,0
1540586054.2829597,3.72281,6.21742,,,
1540586054.3964553,3.72281,6.21742,,,
1540586054.5063918,3.72281,6.21742,,,
1540586054.591911,3.72258,6.21767,,,
1540586054.688378,3.72258,6.21767,,,
1540586054.7974885,3.72258,6.21767,,,
1540586054.9070046,3.72243,6.21767,,,
1540586054.9943554,3.72243,6.21793,,,
1540586055.086498,3.72243,6.21793,,,
1540586055.195617,3.7222,6.21793,0,0,0
1540586055.2945518,3.7222,6.21844,,,
1540586055.3900292,3.7222,6.21844,,,
1540586055.4904144,3.7222,6.21844,,,
1540586055.5856502,3.72205,6.2187,,,
1540586055.6894493,3.72205,6.2187,,,
1540586055.7904053,3.72205,6.2187,,,
1540586055.8899672,3.72189,6.2187,,,
1540586055.988628,3.72189,6.21896,,,
1540586056.1044002,3.72189,6.21896,,,
1540586056.207748,3.72166,6.21896,0,0,0
1540586056.2943234,3.72166,6.21922,,,
1540586056.3870146,3.72166,6.21922,,,
1540586056.4919112,3.72166,6.21922,,,
1540586056.5944653,3.72153,6.21947,,,
1540586056.6898434,3.72153,6.21947,,,
1540586056.7893455,3.72153,6.21947,,,
1540586056.888435,3.7213,6.21947,,,
1540586056.9935322,3.7213,6.21999,,,
1540586057.091433,3.7213,6.21999,,,
1540586057.1894789,3.72115,6.21999,0,0,0
1540586057.2882602,3.72115,6.22025,,,
1540586057.4060588,3.72115,6.22025,,,
1540586057.511185,3.72115,6.22025,,,
1540586057.5979187,3.72092,6.2205,,,
1540586057.6917264,3.72092,6.2205,,,
1540586057.8038473,3.72092,6.2205,,,
1540586057.913713,3.72076,6.2205,,,
1540586057.998092,3.72076,6.22076,,,
1540586058.089065,3.72076,6.22076,,,
1540586058.2027056,3.72054,6.22076,0,0,0
1540586058.3101873,3.72054,6.22102,,,
1540586058.3931592,3.72054,6.22102,,,
1540586058.4896173,3.72054,6.22102,,,
1540586058.5968504,3.72038,6.22153,,,
1540586058.698699,3.72038,6.22153,,,
1540586058.7936766,3.72038,6.22153,,,
1540586058.8923466,3.72015,6.22153,,,
1540586058.992591,3.72015,6.22179,,,
1540586059.0951812,3.72015,6.22179,,,
1540586059.1951454,3.72015,6.22179,0,0,0
1540586059.2948365,3.72,6.22205,,,
1540586059.3942907,3.72,6.22205,,,
1540586059.5157428,3.72,6.22205,,,
1540586059.6158507,3.71985,6.22231,,,
1540586059.7004862,3.71985,6.22231,,,
1540586059.7921884,3.71985,6.22231,,,
1540586059.9054227,3.71962,6.22231,,,
1540586060.0065172,3.71962,6.22282,,,
1540586060.0956929,3.71962,6.22282,,,
1540586060.1930897,3.71962,6.22282,0,0,0
1540586060.2927778,3.71948,6.22307,,,
1540586060.4036126,3.71948,6.22307,,,
1540586060.501275,3.71948,6.22307,,,
1540586060.5958722,3.71925,6.22333,,,
1540586060.6959307,3.71925,6.22333,,,
1540586060.8181298,3.71925,6.22333,,,
1540586060.9169235,3.7191,6.22333,,,
1540586060.9966712,3.7191,6.22359,,,
1540586061.0958161,3.7191,6.22359,,,
1540586061.2038727,3.7191,6.22359,0,0,0
1540586061.3075087,3.71887,6.22385,,,
1540586061.3965354,3.71887,6.22385,,,
1540586061.4950173,3.71887,6.22385,,,
1540586061.6061661,3.71872,6.22437,,,
1540586061.7045474,3.71872,6.22437,,,
1540586061.797651,3.71872,6.22437,,,
1540586061.8972006,3.71857,6.22437,,,
1540586061.9983544,3.71857,6.22462,,,
1540586062.1000545,3.71857,6.22462,,,
1540586062.199574,3.71857,6.22462,0,0,0
1540586062.2994003,3.71834,6.22487,,,
1540586062.4011686,3.71834,6.22487,,,
1540586062.5164185,3.71834,6.22487,,,
1540586062.6189482,3.71819,6.22513,,,
1540586062.7059577,3.71819,6.22513,,,
1540586062.8036828,3.71819,6.22513,,,
1540586062.911569,3.71796,6.22513,,,
1540586063.016725,3.71796,6.22565,,,
1540586063.1010907,3.71796,6.22565,,,
1540586063.1976864,3.71796,6.22565,0,0,0
1540586063.3014965,3.7178,6.22591,,,
1540586063.4049897,3.7178,6.22591,,,
1540586063.5032582,3.7178,6.22591,,,
1540586063.5995855,3.71759,6.22617,,,
1540586063.7012312,3.71759,6.22617,,,
1540586063.802766,3.71759,6.22617,,,
1540586063.9056153,3.71744,6.22617,,,
1540586064.0041118,3.71744,6.22643,,,
1540586064.102494,3.71744,6.22643,,,
1540586064.21275,3.71744,6.22643,0,0,0
1540586064.3158383,3.71729,6.22667,,,
1540586064.4114637,3.71729,6.22667,,,
1540586064.505924,3.71729,6.22667,,,
1540586064.604714,3.71706,6.22719,,,
1540586064.7112424,3.71706,6.22719,,,
1540586064.8059719,3.71706,6.22719,,,
1540586064.904262,3.7169,6.22719,,,
1540586065.0041163,3.7169,6.22745,,,
1540586065.124737,3.7169,6.22745,,,
1540586065.225422,3.71667,6.22745,0,0,0
1540586065.3070161,3.71667,6.22771,,,
1540586065.4065285,3.71667,6.22771,,,
1540586065.5147288,3.71667,6.22771,,,
1540586065.6168556,3.71652,6.22771,,,
1540586065.7055192,3.71652,6.22797,,,
1540586065.801832,3.71652,6.22797,,,
1540586065.8999689,3.71629,6.22797,,,
1540586066.0058703,3.71629,6.22847,,,
1540586066.1062646,3.71629,6.22847,,,
1540586066.204929,3.71629,6.22847,0,0,0
1540586066.3040407,3.71614,6.22873,,,
1540586066.4295633,3.71614,6.22873,,,
1540586066.5315087,3.71614,6.22873,,,
1540586066.6141555,3.71599,6.22873,,,
1540586066.7111332,3.71599,6.22873,,,
1540586066.818103,3.71599,6.22873,,,
1540586066.9322073,3.71576,6.22873,,,
1540586067.0163012,3.71576,6.22899,,,
1540586067.1112084,3.71576,6.22899,,,
1540586067.2172892,3.71576,6.22899,0,0,0
1540586067.3218927,3.71562,6.22899,,,
1540586067.41694,3.71562,6.22899,,,
1540586067.5115945,3.71562,6.22899,,,
1540586067.6127884,3.71547,6.22899,,,
1540586067.7162395,3.71547,6.22925,,,
1540586067.8164408,3.71547,6.22925,,,
1540586067.910629,3.71524,6.22925,,,
1540586068.0096684,3.71524,6.22977,,,
1540586068.1317878,3.71524,6.22977,,,
1540586068.2321105,3.71524,6.22977,0,0,0
1540586068.312873,3.71509,6.23003,,,
1540586068.4108467,3.71509,6.23003,,,
1540586068.520812,3.71509,6.23003,,,
1540586068.6233904,3.71486,6.23003,,,
1540586068.7134569,3.71486,6.23027,,,
1540586068.8101017,3.71486,6.23027,,,
1540586068.9149697,3.71471,6.23027,,,
1540586069.0164402,3.71471,6.23079,,,
1540586069.1143045,3.71471,6.23079,,,
1540586069.2091205,3.71471,6.23079,0,0,0
1540586069.3154569,3.71455,6.23131,,,
1540586069.4154897,3.71455,6.23131,,,
1540586069.5163846,3.71455,6.23131,,,
1540586069.615914,3.71432,6.23131,,,
1540586069.7142715,3.71432,6.23183,,,
1540586069.8246624,3.71432,6.23183,,,
1540586069.9276178,3.7141,6.23183,,,
1540586070.017158,3.7141,6.23207,,,
1540586070.1145093,3.7141,6.23207,,,
1540586070.217891,3.7141,6.23207,0,0,0
1540586070.3170972,3.71394,6.23233,,,
1540586070.4177363,3.71394,6.23233,,,
1540586070.515552,3.71394,6.23233,,,
1540586070.623979,3.71381,6.23233,,,
1540586070.734784,3.71381,6.23259,,,
1540586070.834472,3.71381,6.23259,,,
1540586070.9178746,3.71381,6.23259,,,
1540586071.0180352,3.71358,6.23311,,,
1540586071.1246054,3.71358,6.23311,,,
1540586071.2294602,3.71358,6.23311,0,0,0
1540586071.3183842,3.71342,6.23337,,,
1540586071.415191,3.71342,6.23337,,,
1540586071.5182695,3.71342,6.23337,,,
1540586071.6222022,3.71327,6.23337,,,
1540586071.719667,3.71327,6.23363,,,
1540586071.8173003,3.71327,6.23363,,,
1540586071.9167173,3.71327,6.23363,,,
1540586072.0182507,3.71304,6.23387,,,
1540586072.1209114,3.71304,6.23387,,,
1540586072.2205298,3.71304,6.23387,0,0,0
1540586072.3209665,3.71289,6.23413,,,
1540586072.4318929,3.71289,6.23413,,,
1540586072.5318294,3.71289,6.23413,,,
1540586072.6210504,3.71266,6.23413,,,
1540586072.718837,3.71266,6.23465,,,
1540586072.8231347,3.71266,6.23465,,,
1540586072.9258165,3.71251,6.23465,,,
1540586073.0217803,3.71251,6.23491,,,
1540586073.117769,3.71251,6.23491,,,
1540586073.2200625,3.71251,6.23491,0,0,0
1540586073.3217192,3.71236,6.23517,,,
1540586073.4213586,3.71236,6.23517,,,
1540586073.5219467,3.71236,6.23517,,,
1540586073.6221445,3.71213,6.23517,,,
1540586073.7380488,3.71213,6.23543,,,
1540586073.8214939,3.71213,6.23543,,,
1540586073.921081,3.71213,6.23543,,,
1540586074.0180986,3.71198,6.23567,,,
1540586074.126427,3.71198,6.23567,,,
1540586074.2370985,3.71198,6.23567,0,0,0
1540586074.3255281,3.71176,6.23593,,,
1540586074.4218385,3.71176,6.23593,,,
1540586074.5270338,3.71176,6.23593,,,
1540586074.6373808,3.71161,6.23593,,,
1540586074.726344,3.71161,6.23619,,,
1540586074.8263633,3.71161,6.23619,,,
1540586074.931315,3.71161,6.23619,,,
1540586075.03355,3.71146,6.23671,,,
1540586075.1256082,3.71146,6.23671,,,
1540586075.2261865,3.71146,6.23671,0,0,0
1540586075.330177,3.71123,6.23697,,,
1540586075.4297185,3.71123,6.23697,,,
1540586075.5295277,3.71123,6.23697,,,
1540586075.6287305,3.71107,6.23697,,,
1540586075.725587,3.71107,6.23723,,,
1540586075.8270128,3.71107,6.23723,,,
1540586075.9287393,3.71107,6.23723,,,
1540586076.0288327,3.71092,6.23747,,,
1540586076.1272655,3.71092,6.23747,,,
1540586076.23931,3.71092,6.23747,0,0,0
1540586076.3452933,3.71069,6.23773,,,
1540586076.432585,3.71069,6.23773,,,
1540586076.5344713,3.71069,6.23773,,,
1540586076.643998,3.71054,6.23773,,,
1540586076.7436604,3.71054,6.23799,,,
1540586076.838024,3.71054,6.23799,,,
1540586076.9310846,3.71054,6.23799,,,
1540586077.0314066,3.71039,6.23799,,,
1540586077.1304803,3.71039,6.23799,,,
1540586077.23554,3.71039,6.23799,0,0,0
1540586077.3317904,3.71016,6.23825,,,
1540586077.4286926,3.71016,6.23825,,,
1540586077.547028,3.71016,6.23825,,,
1540586077.6535215,3.71001,6.23825,,,
1540586077.7368221,3.71001,6.23851,,,
1540586077.8354814,3.71001,6.23851,,,
1540586077.9487295,3.71001,6.23851,,,
1540586078.0485559,3.70987,6.23903,,,
1540586078.1393495,3.70987,6.23903,,,
1540586078.234784,3.70987,6.23903,0,0,0
1540586078.344099,3.70964,6.23903,,,
1540586078.447882,3.70964,6.23903,,,
1540586078.5361502,3.70964,6.23903,,,
1540586078.6356514,3.70949,6.23903,,,
1540586078.7353957,3.70949,6.23927,,,
1540586078.83513,3.70949,6.23927,,,
1540586078.9377959,3.70949,6.23927,,,
1540586079.0361674,3.70934,6.23979,,,
1540586079.133263,3.70934,6.23979,,,
1540586079.2521389,3.70934,6.23979,0,0,0
1540586079.3577855,3.70911,6.23979,,,
1540586079.4383333,3.70911,6.24005,,,
1540586079.541565,3.70911,6.24005,,,
1540586079.6496954,3.70895,6.24005,,,
1540586079.750761,3.70895,6.24031,,,
1540586079.8442867,3.70895,6.24031,,,
1540586079.9415772,3.70895,6.24031,,,
1540586080.0537736,3.7088,6.24057,,,
1540586080.1453202,3.7088,6.24057,,,
1540586080.2445261,3.7088,6.24057,0,0,0
1540586080.3441675,3.70857,6.24057,,,
1540586080.4368649,3.70857,6.24107,,,
1540586080.5407941,3.70857,6.24107,,,
1540586080.6552153,3.70842,6.24107,,,
1540586080.7612665,3.70842,6.24107,,,
1540586080.8590488,3.70842,6.24107,,,
1540586080.9601576,3.70842,6.24107,,,
1540586081.0690048,3.70827,6.24133,,,
1540586081.1528957,3.70827,6.24133,0,0,0
1540586081.2496042,3.70827,6.24133,,,
1540586081.3600628,3.70805,6.24185,,,
1540586081.4648733,3.70805,6.24185,,,
1540586081.5533876,3.70805,6.24185,,,
1540586081.649975,3.7079,6.24185,,,
1540586081.7644656,3.7079,6.24211,,,
1540586081.8675556,3.7079,6.24211,,,
1540586081.9563494,3.7079,6.24211,,,
1540586082.0522976,3.70775,6.24237,,,
1540586082.1577983,3.70775,6.24237,,,
1540586082.2621946,3.70775,6.24237,0,0,0
1540586082.3516994,3.70752,6.24237,,,
1540586082.4518917,3.70752,6.24287,,,
1540586082.5540614,3.70752,6.24287,,,
1540586082.6533349,3.70737,6.24287,,,
1540586082.7579348,3.70737,6.24339,,,
1540586082.8533921,3.70737,6.24339,,,
1540586082.9496455,3.70737,6.24339,,,
1540586083.0706184,3.70721,6.24391,,,
1540586083.174573,3.70721,6.24391,0,0,0
1540586083.256138,3.70721,6.24391,,,
1540586083.3553305,3.70699,6.24391,,,
1540586083.464391,3.70699,6.24417,,,
1540586083.5701716,3.70699,6.24417,,,
1540586083.6545463,3.70683,6.24417,,,
1540586083.754958,3.70683,6.24443,,,
1540586083.8614292,3.70683,6.24443,,,
1540586083.9639065,3.70683,6.24443,,,
1540586084.0556676,3.7066,6.24467,,,
1540586084.1559603,3.7066,6.24467,0,0,0
1540586084.259525,3.7066,6.24467,,,
1540586084.3636427,3.70645,6.24467,,,
1540586084.4551969,3.70645,6.24519,,,
1540586084.55464,3.70645,6.24519,,,
1540586084.6556535,3.7063,6.24519,,,
1540586084.7578702,3.7063,6.24545,,,
1540586084.8566413,3.7063,6.24545,,,
1540586084.9545207,3.7063,6.24545,,,
1540586085.0545344,3.70615,6.24571,,,
1540586085.1753826,3.70615,6.24571,0,0,0
1540586085.2845623,3.70615,6.24571,,,
1540586085.3631551,3.70593,6.24571,,,
1540586085.4566507,3.70593,6.24597,,,
1540586085.5695803,3.70593,6.24597,,,
1540586085.6763034,3.7057,6.24597,,,
1540586085.7590659,3.7057,6.24623,,,
1540586085.8633463,3.7057,6.24623,,,
1540586085.9695227,3.7057,6.24623,,,
1540586086.069363,3.70555,6.24648,,,
1540586086.1589503,3.70555,6.24648,0,0,0
1540586086.2595692,3.70555,6.24648,,,
1540586086.3583403,3.7054,6.24648,,,
1540586086.461339,3.7054,6.24648,,,
1540586086.5633032,3.7054,6.24648,,,
1540586086.6596384,3.70525,6.24648,,,
1540586086.7589962,3.70525,6.24648,,,
1540586086.8740134,3.70525,6.24648,,,
1540586086.9817955,3.70525,6.24648,,,
1540586087.0631616,3.70509,6.24699,,,
1540586087.1627586,3.70509,6.24699,0,0,0
1540586087.269661,3.70509,6.24699,,,
1540586087.3703957,3.70486,6.24699,,,
1540586087.464486,3.70486,6.24725,,,
1540586087.5616128,3.70486,6.24725,,,
1540586087.6660576,3.70471,6.24725,,,
1540586087.7707717,3.70471,6.24751,,,
1540586087.8614283,3.70471,6.24751,,,
1540586087.9619062,3.70471,6.24751,,,
1540586088.0623243,3.70456,6.24777,,,
1540586088.164214,3.70456,6.24777,0,0,0
1540586088.2669766,3.70456,6.24777,,,
1540586088.3644786,3.70433,6.24777,,,
1540586088.4642031,3.70433,6.24828,,,
1540586088.5776718,3.70433,6.24828,,,
1540586088.685465,3.70419,6.24828,,,
1540586088.7695732,3.70419,6.24854,,,
1540586088.8671587,3.70419,6.24854,,,
1540586088.9769146,3.70419,6.24854,,,
1540586089.0842862,3.70404,6.24854,,,
1540586089.1706607,3.70404,6.24854,0,0,0
1540586089.2709262,3.70404,6.24854,,,
1540586089.3776443,3.70389,6.24854,,,
1540586089.4807546,3.70389,6.24905,,,
1540586089.5672252,3.70389,6.24905,,,
1540586089.6717305,3.70366,6.24905,,,
1540586089.7717426,3.70366,6.24931,,,
1540586089.8719223,3.70366,6.24931,,,
1540586089.9672449,3.70366,6.24931,,,
1540586090.0727413,3.70351,6.24957,,,
1540586090.170288,3.70351,6.24957,0,0,0
1540586090.2679923,3.70351,6.24957,,,
1540586090.3679864,3.70335,6.24957,,,
1540586090.4734128,3.70335,6.24983,,,
1540586090.5699425,3.70335,6.24983,,,
1540586090.6885931,3.70313,6.24983,,,
1540586090.790916,3.70313,6.25034,,,
1540586090.8714533,3.70313,6.25034,,,
1540586090.9669657,3.70313,6.25034,,,
1540586091.0790877,3.70297,6.2506,,,
1540586091.1846046,3.70297,6.2506,0,0,0
1540586091.27002,3.70297,6.2506,,,
1540586091.3687463,3.70274,6.2506,,,
1540586091.4759734,3.70274,6.25085,,,
1540586091.5839887,3.70274,6.25085,,,
1540586091.6767626,3.70274,6.25085,,,
1540586091.775314,3.70259,6.25137,,,
1540586091.8735116,3.70259,6.25137,,,
1540586091.9730883,3.70259,6.25137,,,
1540586092.070752,3.70244,6.25137,,,
1540586092.172235,3.70244,6.25137,0,0,0
1540586092.2721238,3.70244,6.25137,,,
1540586092.3718204,3.7023,6.25137,,,
1540586092.470282,3.7023,6.25163,,,
1540586092.567888,3.7023,6.25163,,,
1540586092.6726646,3.7023,6.25163,,,
1540586092.7822647,3.70215,6.25188,,,
1540586092.8891795,3.70215,6.25188,,,
1540586092.9794748,3.70215,6.25188,,,
1540586093.0810738,3.70192,6.2524,,,
1540586093.1834924,3.70192,6.2524,0,0,0
1540586093.2844667,3.70192,6.2524,,,
1540586093.3761458,3.70177,6.2524,,,
1540586093.477281,3.70177,6.2524,,,
1540586093.5779102,3.70177,6.2524,,,
1540586093.678766,3.70177,6.2524,,,
1540586093.7765002,3.70161,6.25266,,,
1540586093.8784606,3.70161,6.25266,,,
1540586093.9777882,3.70161,6.25266,,,
1540586094.0780602,3.70139,6.25317,,,
1540586094.1763103,3.70139,6.25317,0,0,0
1540586094.2766895,3.70139,6.25317,,,
1540586094.3792658,3.70123,6.25317,,,
1540586094.4888358,3.70123,6.25343,,,
1540586094.589717,3.70123,6.25343,,,
1540586094.679905,3.70123,6.25343,,,
1540586094.7797916,3.70108,6.25368,,,
1540586094.8831818,3.70108,6.25368,,,
1540586094.9801168,3.70108,6.25368,,,
1540586095.075,3.70093,6.25368,,,
1540586095.1753092,3.70093,6.2542,0,0,0
1540586095.2804961,3.70093,6.2542,,,
1540586095.380542,3.7007,6.2542,,,
1540586095.478886,3.7007,6.25471,,,
1540586095.579595,3.7007,6.25471,,,
1540586095.6793482,3.7007,6.25471,,,
1540586095.7898192,3.70055,6.25523,,,
1540586095.8955376,3.70055,6.25523,,,
1540586095.983165,3.70055,6.25523,,,
1540586096.0829945,3.70033,6.25523,,,
1540586096.1901357,3.70033,6.25548,0,0,0
1540586096.2896438,3.70033,6.25548,,,
1540586096.3821065,3.70018,6.25548,,,
1540586096.483699,3.70018,6.25574,,,
1540586096.5886145,3.70018,6.25574,,,
1540586096.6836817,3.70018,6.25574,,,
1540586096.782067,3.70003,6.256,,,
1540586096.8805692,3.70003,6.256,,,
1540586096.9807582,3.70003,6.256,,,
1540586097.0836775,3.6998,6.256,,,
1540586097.1819308,3.6998,6.25626,0,0,0
1540586097.2811205,3.6998,6.25626,,,
1540586097.3830373,3.69965,6.25626,,,
1540586097.495281,3.69965,6.25652,,,
1540586097.5973642,3.69965,6.25652,,,
1540586097.6847513,3.69965,6.25652,,,
1540586097.7820215,3.69949,6.25677,,,
1540586097.8961546,3.69949,6.25677,,,
1540586097.999754,3.69949,6.25677,,,
1540586098.0794542,3.69934,6.25677,,,
1540586098.1765466,3.69934,6.25677,0,0,0
1540586098.2885523,3.69934,6.25677,,,
1540586098.394208,3.69911,6.25677,,,
1540586098.4798546,3.69911,6.25703,,,
1540586098.5796828,3.69911,6.25703,,,
1540586098.6888244,3.69911,6.25703,,,
1540586098.7932315,3.69896,6.25728,,,
1540586098.8810873,3.69896,6.25728,,,
1540586098.9803307,3.69896,6.25728,,,
1540586099.0863075,3.69881,6.25728,,,
1540586099.1939187,3.69881,6.25754,0,0,0
1540586099.2840414,3.69881,6.25754,,,
1540586099.3848205,3.69865,6.25754,,,
1540586099.4853318,3.69865,6.2578,,,
1540586099.5851583,3.69865,6.2578,,,
1540586099.6851454,3.69865,6.2578,,,
1540586099.7813675,3.69844,6.25832,,,
1540586099.8806698,3.69844,6.25832,,,
1540586100.0009356,3.69844,6.25832,,,
1540586100.1011739,3.69829,6.25832,,,
1540586100.1813486,3.69829,6.25858,0,0,0
1540586100.2828164,3.69829,6.25858,,,
1540586100.3951483,3.69814,6.25858,,,
1540586100.4953904,3.69814,6.25883,,,
1540586100.5842814,3.69814,6.25883,,,
1540586100.6869733,3.69814,6.25883,,,
1540586100.787129,3.69798,6.25908,,,
1540586100.8873625,3.69798,6.25908,,,
1540586100.9894793,3.69798,6.25908,,,
1540586101.0878663,3.69775,6.25908,,,
1540586101.1830623,3.69775,6.25934,0,0,0
1540586101.3021755,3.69775,6.25934,,,
1540586101.4022982,3.6976,6.25934,,,
1540586101.4884503,3.6976,6.2596,,,
1540586101.583631,3.6976,6.2596,,,
1540586101.6938815,3.6976,6.2596,,,
1540586101.798679,3.69745,6.25986,,,
1540586101.9001732,3.69745,6.25986,,,
1540586101.997538,3.69745,6.25986,,,
1540586102.0966353,3.69722,6.25986,,,
1540586102.1893494,3.69722,6.26012,0,0,0
1540586102.2891076,3.69722,6.26012,,,
1540586102.388411,3.69722,6.26012,,,
1540586102.4884138,3.69707,6.26064,,,
1540586102.605771,3.69707,6.26064,,,
1540586102.7072499,3.69707,6.26064,,,
1540586102.7862208,3.69691,6.26064,,,
1540586102.886973,3.69691,6.26064,,,
1540586102.9971526,3.69691,6.26064,,,
1540586103.100397,3.69669,6.26064,,,
1540586103.188942,3.69669,6.26088,0,0,0
1540586103.2891898,3.69669,6.26088,,,
1540586103.391964,3.69669,6.26088,,,
1540586103.492124,3.69653,6.2614,,,
1540586103.5922353,3.69653,6.2614,,,
1540586103.6906037,3.69653,6.2614,,,
1540586103.791885,3.6964,6.26166,,,
1540586103.909142,3.6964,6.26166,,,
1540586104.0081167,3.6964,6.26166,,,
1540586104.0883555,3.69624,6.26166,,,
1540586104.188122,3.69624,6.26192,0,0,0
1540586104.2987645,3.69624,6.26192,,,
1540586104.4031703,3.69601,6.26192,,,
1540586104.4902809,3.69601,6.26218,,,
1540586104.5909693,3.69601,6.26218,,,
1540586104.6984406,3.69601,6.26218,,,
1540586104.8045766,3.69586,6.26268,,,
1540586104.8920307,3.69586,6.26268,,,
1540586104.9929645,3.69586,6.26268,,,
1540586105.1020937,3.69571,6.26268,,,
1540586105.2043412,3.69571,6.26268,0,0,0
1540586105.297264,3.69571,6.26268,,,
1540586105.3944786,3.69571,6.26268,,,
1540586105.4983163,3.69548,6.2632,,,
1540586105.5985694,3.69548,6.2632,,,
1540586105.6977623,3.69548,6.2632,,,
1540586105.7939973,3.69533,6.26346,,,
1540586105.8942962,3.69533,6.26346,,,
1540586105.9967556,3.69533,6.26346,,,
1540586106.0965068,3.69518,6.26346,,,
1540586106.1951811,3.69518,6.26372,0,0,0
1540586106.2951796,3.69518,6.26372,,,
1540586106.4103286,3.69518,6.26372,,,
1540586106.5103126,3.69502,6.26398,,,
1540586106.595993,3.69502,6.26398,,,
1540586106.696762,3.69502,6.26398,,,
1540586106.8024979,3.69487,6.26424,,,
1540586106.9072485,3.69487,6.26424,,,
1540586106.997384,3.69487,6.26424,,,
1540586107.099554,3.69464,6.26424,,,
1540586107.2002568,3.69464,6.26474,0,0,0
1540586107.3000934,3.69464,6.26474,,,
1540586107.3995774,3.69464,6.26474,,,
1540586107.495341,3.6945,6.26474,,,
1540586107.595454,3.6945,6.26474,,,
1540586107.7160153,3.6945,6.26474,,,
1540586107.8157353,3.69435,6.26474,,,
1540586107.9084423,3.69435,6.265,,,
1540586107.998342,3.69435,6.265,,,
1540586108.1085222,3.6942,6.265,,,
1540586108.2113192,3.6942,6.26552,0,0,0
1540586108.2986703,3.6942,6.26552,,,
1540586108.3985527,3.6942,6.26552,,,
1540586108.5045893,3.69405,6.26578,,,
1540586108.604361,3.69405,6.26578,,,
1540586108.700263,3.69405,6.26578,,,
1540586108.7984502,3.69382,6.26578,,,
1540586108.9017842,3.69382,6.26604,,,
1540586109.001827,3.69382,6.26604,,,
1540586109.1010656,3.69366,6.26604,,,
1540586109.2016022,3.69366,6.26628,0,0,0
1540586109.3032067,3.69366,6.26628,,,
1540586109.4147127,3.69366,6.26628,,,
1540586109.5183446,3.69351,6.2668,,,
1540586109.6055474,3.69351,6.2668,,,
1540586109.7017436,3.69351,6.2668,,,
1540586109.8296545,3.69328,6.26732,,,
1540586109.911982,3.69328,6.26732,,,
1540586110.0046246,3.69328,6.26732,,,
1540586110.099422,3.69313,6.26732,,,
1540586110.2000947,3.69313,6.26758,0,0,0
1540586110.3068705,3.69313,6.26758,,,
1540586110.4071066,3.69313,6.26758,,,
1540586110.5055878,3.69298,6.26784,,,
1540586110.6039672,3.69298,6.26784,,,
1540586110.7178814,3.69298,6.26784,,,
1540586110.8199623,3.69283,6.26784,,,
1540586110.8979664,3.69283,6.26784,,,
1540586111.0049849,3.69283,6.26784,,,
1540586111.1092594,3.69261,6.26784,,,
1540586111.2100298,3.69261,6.26784,0,0,0
1540586111.3043714,3.69261,6.26784,,,
1540586111.4032986,3.69261,6.26784,,,
1540586111.503227,3.69246,6.26834,,,
1540586111.603324,3.69246,6.26834,,,
1540586111.7054996,3.69246,6.26834,,,
1540586111.803811,3.69231,6.26834,,,
1540586111.905071,3.69231,6.2686,,,
1540586112.01827,3.69231,6.2686,,,
1540586112.1233635,3.69215,6.2686,,,
1540586112.2040641,3.69215,6.26886,0,0,0
1540586112.308422,3.69215,6.26886,,,
1540586112.4147205,3.69215,6.26886,,,
1540586112.516786,3.69193,6.26912,,,
1540586112.6063485,3.69193,6.26912,,,
1540586112.7035637,3.69193,6.26912,,,
1540586112.8139586,3.69177,6.26912,,,
1540586112.9182403,3.69177,6.26964,,,
1540586113.0094469,3.69177,6.26964,,,
1540586113.110933,3.69177,6.26964,,,
1540586113.2120464,3.69162,6.26988,0,0,0
1540586113.313353,3.69162,6.26988,,,
1540586113.4124131,3.69162,6.26988,,,
1540586113.511992,3.69147,6.27014,,,
1540586113.6084287,3.69147,6.27014,,,
1540586113.728228,3.69147,6.27014,,,
1540586113.8268466,3.69131,6.27014,,,
1540586113.911303,3.69131,6.2704,,,
1540586114.011777,3.69131,6.2704,,,
1540586114.1191738,3.69109,6.2704,,,
1540586114.2229955,3.69109,6.27066,0,0,0
1540586114.309672,3.69109,6.27066,,,
1540586114.4089105,3.69109,6.27066,,,
1540586114.5121727,3.69093,6.27092,,,
1540586114.6117575,3.69093,6.27092,,,
1540586114.712414,3.69093,6.27092,,,
1540586114.811258,3.69078,6.27092,,,
1540586114.9128249,3.69078,6.27092,,,
1540586115.0270522,3.69078,6.27092,,,
1540586115.128144,3.69057,6.27092,,,
1540586115.311618,3.69057,6.27144,,,
1540586115.4655983,3.63969,6.27144,,,
1540586115.6248877,3.63969,8.90082,,,
1540586115.790621,3.62932,8.90082,,,
1540586115.9467652,3.62932,9.13232,,,
1540586116.1082027,3.62932,9.13232,,,
1540586116.2900388,3.62781,9.13593,,,
1540586116.456291,3.62781,9.13593,,,
1540586116.6162026,3.62668,9.13901,,,
1540586116.7714105,3.62668,9.13901,,,
1540586116.8676682,3.62561,9.14157,0,0,0
1540586116.9778495,3.62561,9.14157,0,0,0
1540586117.0883033,3.62561,9.14157,,,
1540586117.1705806,3.6783,9.14157,0,0,0
1540586117.267029,3.6783,6.38179,,,
1540586117.3720586,3.6783,6.38179,,,
1540586117.4744923,3.68503,6.38179,,,
1540586117.568244,3.68503,6.28069,,,
1540586117.6672187,3.68503,6.28069,,,
1540586117.773947,3.68503,6.28069,,,
1540586117.8907135,3.68556,6.28018,,,
1540586117.9995873,3.68556,6.28018,,,
1540586118.0709105,3.68556,6.28018,,,
1540586118.1721218,3.68579,6.28018,0,0,0
1540586118.286941,3.68579,6.27966,,,
1540586118.3897898,3.68579,6.27966,,,
1540586118.4733741,3.68587,6.27966,,,
1540586118.5709026,3.68587,6.2794,,,
1540586118.6768284,3.68587,6.2794,,,
1540586118.7890992,3.68587,6.2794,,,
1540586118.8746543,3.68594,6.27914,,,
1540586118.973274,3.68594,6.27914,,,
1540586119.077308,3.68594,6.27914,,,
1540586119.209,3.68594,6.27914,0,0,0
1540586119.2788606,3.68594,6.27914,,,
1540586119.3715405,3.68594,6.27914,,,
1540586119.4714487,3.68594,6.27914,,,
1540586119.5740755,3.68594,6.2794,,,
1540586119.6743145,3.68594,6.2794,,,
1540586119.7710326,3.68594,6.2794,,,
1540586119.8713343,3.68587,6.2794,,,
1540586119.9900305,3.68587,6.2794,,,
1540586120.0924816,3.68587,6.2794,,,
1540586120.1787555,3.68579,6.2794,0,0,0
1540586120.274886,3.68579,6.27966,,,
1540586120.380693,3.68579,6.27966,,,
1540586120.49237,3.68571,6.27966,,,
1540586120.5787797,3.68571,6.27992,,,
1540586120.6758723,3.68571,6.27992,,,
1540586120.7811587,3.68571,6.27992,,,
1540586120.888308,3.68564,6.27992,,,
1540586120.9771118,3.68564,6.27992,,,
1540586121.0760224,3.68564,6.27992,,,
1540586121.176287,3.68549,6.27992,0,0,0
1540586121.2840667,3.68549,6.28018,,,
1540586121.3809488,3.68549,6.28018,,,
1540586121.4773777,3.68549,6.28018,,,
1540586121.57802,3.68541,6.28018,,,
1540586121.6978302,3.68541,6.28018,,,
1540586121.802182,3.68541,6.28018,,,
1540586121.8786147,3.68533,6.28044,,,
1540586121.9770303,3.68533,6.28044,,,
1540586122.0884326,3.68533,6.28044,,,
1540586122.1999242,3.68518,6.28044,0,0,0
1540586122.28246,3.68518,6.28069,,,
1540586122.3788993,3.68518,6.28069,,,
1540586122.4878027,3.68518,6.28069,,,
1540586122.5918744,3.6851,6.28094,,,
1540586122.6807086,3.6851,6.28094,,,
1540586122.7802432,3.6851,6.28094,,,
1540586122.8810108,3.68497,6.2812,,,
1540586122.9837608,3.68497,6.2812,,,
1540586123.085242,3.68497,6.2812,,,
1540586123.1808279,3.68489,6.2812,0,0,0
1540586123.2797918,3.68489,6.2812,,,
1540586123.3962302,3.68489,6.2812,,,
1540586123.4833148,3.68489,6.2812,,,
1540586123.5828497,3.68474,6.2812,,,
1540586123.681897,3.68474,6.2812,,,
1540586123.7954133,3.68474,6.2812,,,
1540586123.8973513,3.68459,6.28172,,,
1540586123.985563,3.68459,6.28172,,,
1540586124.0797293,3.68459,6.28172,,,
1540586124.1887193,3.68443,6.28172,0,0,0
1540586124.2976885,3.68443,6.28198,,,
1540586124.3819973,3.68443,6.28198,,,
1540586124.4848704,3.68443,6.28198,,,
1540586124.5803297,3.68436,6.28224,,,
1540586124.6855,3.68436,6.28224,,,
1540586124.7852345,3.68436,6.28224,,,
1540586124.878746,3.6842,6.28224,,,
1540586124.985225,3.6842,6.28224,,,
1540586125.102217,3.6842,6.28224,,,
1540586125.184758,3.68405,6.28224,0,0,0
1540586125.288668,3.68405,6.28249,,,
1540586125.3930051,3.68405,6.28249,,,
1540586125.4972193,3.68405,6.28249,,,
1540586125.5997493,3.6839,6.283,,,
1540586125.687685,3.6839,6.283,,,
1540586125.7896323,3.6839,6.283,,,
1540586125.8933318,3.68375,6.28326,,,
1540586125.9937677,3.68375,6.28326,,,
1540586126.089735,3.68375,6.28326,,,
1540586126.189285,3.68359,6.28326,0,0,0
1540586126.2893014,3.68359,6.28326,,,
1540586126.3902647,3.68359,6.28326,,,
1540586126.4896014,3.68359,6.28326,,,
1540586126.5897195,3.68344,6.28352,,,
1540586126.68975,3.68344,6.28352,,,
1540586126.800083,3.68344,6.28352,,,
1540586126.9057543,3.68329,6.28404,,,
1540586126.9957492,3.68329,6.28404,,,
1540586127.0938718,3.68329,6.28404,,,
1540586127.1946578,3.68321,6.28404,0,0,0
1540586127.2949162,3.68321,6.28429,,,
1540586127.3943508,3.68321,6.28429,,,
1540586127.4929738,3.68321,6.28429,,,
1540586127.594301,3.68307,6.28429,,,
1540586127.710614,3.68307,6.28429,,,
1540586127.8143163,3.68307,6.28429,,,
1540586127.8944502,3.68292,6.28429,,,
1540586127.9935904,3.68292,6.28455,,,
1540586128.1019874,3.68292,6.28455,,,
1540586128.2075398,3.68277,6.28455,0,0,0
1540586128.2911677,3.68277,6.28481,,,
1540586128.3943317,3.68277,6.28481,,,
1540586128.497804,3.68277,6.28481,,,
1540586128.6059606,3.68262,6.28532,,,
1540586128.7028117,3.68262,6.28532,,,
1540586128.7964709,3.68262,6.28532,,,
1540586128.8948126,3.68246,6.28532,,,
1540586128.9947035,3.68246,6.28532,,,
1540586129.098199,3.68246,6.28532,,,
1540586129.1949568,3.68231,6.28532,0,0,0
1540586129.2977457,3.68231,6.28558,,,
1540586129.412683,3.68231,6.28558,,,
1540586129.5171676,3.68216,6.28558,,,
1540586129.601009,3.68216,6.28584,,,
1540586129.7020602,3.68216,6.28584,,,
1540586129.8073387,3.68216,6.28584,,,
1540586129.9098477,3.68193,6.28584,,,
1540586129.999959,3.68193,6.28635,,,
1540586130.1048539,3.68193,6.28635,,,
1540586130.2045848,3.68185,6.28635,0,0,0
1540586130.3040786,3.68185,6.28635,,,
1540586130.3976989,3.68185,6.28635,,,
1540586130.500143,3.68185,6.28635,,,
1540586130.6000924,3.6817,6.28661,,,
1540586130.7171156,3.6817,6.28661,,,
1540586130.819123,3.6817,6.28661,,,
1540586130.902646,3.68155,6.28661,,,
1540586131.0044837,3.68155,6.28687,,,
1540586131.1073272,3.68155,6.28687,,,
1540586131.2131102,3.68132,6.28687,0,0,0
1540586131.3000197,3.68132,6.28738,,,
1540586131.4032934,3.68132,6.28738,,,
1540586131.5032475,3.68132,6.28738,,,
1540586131.6028185,3.68117,6.28738,,,
1540586131.7005622,3.68117,6.28738,,,
1540586131.803921,3.68117,6.28738,,,
1540586131.9032426,3.68103,6.28738,,,
1540586132.0183532,3.68103,6.28764,,,
1540586132.1212893,3.68103,6.28764,,,
1540586132.2058227,3.68088,6.28764,0,0,0
1540586132.3041277,3.68088,6.2879,,,
1540586132.411819,3.68088,6.2879,,,
1540586132.515297,3.68088,6.2879,,,
1540586132.6047804,3.68073,6.28841,,,
1540586132.7046382,3.68073,6.28841,,,
1540586132.80461,3.68073,6.28841,,,
1540586132.907131,3.68057,6.28841,,,
1540586133.0046027,3.68057,6.28841,,,
1540586133.1040325,3.68057,6.28841,,,
1540586133.2073488,3.68042,6.28841,0,0,0
1540586133.32581,3.68042,6.28867,,,
1540586133.4240634,3.68042,6.28867,,,
1540586133.5078495,3.68042,6.28867,,,
1540586133.6070626,3.68027,6.28918,,,
1540586133.7179432,3.68027,6.28918,,,
1540586133.820938,3.68027,6.28918,,,
1540586133.9070673,3.68011,6.28918,,,
1540586134.010294,3.68011,6.28944,,,
1540586134.1121013,3.68011,6.28944,,,
1540586134.2118254,3.67996,6.28944,0,0,0
1540586134.3095064,3.67996,6.28944,,,
1540586134.4130533,3.67996,6.28944,,,
1540586134.5166457,3.67996,6.28944,,,
1540586134.629203,3.67981,6.2897,,,
1540586134.7323256,3.67981,6.2897,,,
1540586134.8229835,3.67981,6.2897,,,
1540586134.919613,3.67966,6.2897,,,
1540586135.029136,3.67966,6.29021,,,
1540586135.1262298,3.67966,6.29021,,,
1540586135.2224674,3.6795,6.29021,0,0,0
1540586135.3186374,3.6795,6.29073,,,
1540586135.4224699,3.6795,6.29073,,,
1540586135.5232806,3.6795,6.29073,,,
1540586135.6220505,3.67935,6.29124,,,
1540586135.72001,3.67935,6.29124,,,
1540586135.8212893,3.67935,6.29124,,,
1540586135.9359806,3.67914,6.2915,,,
1540586136.038584,3.67914,6.2915,,,
1540586136.1240082,3.67914,6.2915,,,
1540586136.2207758,3.67899,6.2915,0,0,0
1540586136.3291929,3.67899,6.29175,,,
1540586136.4258132,3.67899,6.29175,,,
1540586136.5209424,3.67899,6.29175,,,
1540586136.6182888,3.67883,6.29201,,,
1540586136.720408,3.67883,6.29201,,,
1540586136.8169274,3.67883,6.29201,,,
1540586136.9225514,3.67868,6.29201,,,
1540586137.0199103,3.67868,6.29227,,,
1540586137.121908,3.67868,6.29227,,,
1540586137.233325,3.67853,6.29227,0,0,0
1540586137.3407204,3.67853,6.29253,,,
1540586137.4237728,3.67853,6.29253,,,
1540586137.523806,3.67853,6.29253,,,
1540586137.627493,3.67838,6.29279,,,
1540586137.7320902,3.67838,6.29279,,,
1540586137.8259401,3.67838,6.29279,,,
1540586137.9208071,3.67822,6.29279,,,
1540586138.0278986,3.67822,6.29305,,,
1540586138.1264017,3.67822,6.29305,,,
1540586138.2294173,3.67807,6.29305,0,0,0
1540586138.3207707,3.67807,6.2933,,,
1540586138.4247212,3.67807,6.2933,,,
1540586138.5235076,3.67807,6.2933,,,
1540586138.6462288,3.67792,6.29355,,,
1540586138.7261906,3.67792,6.29355,,,
1540586138.8242357,3.67792,6.29355,,,
1540586138.9351337,3.67776,6.29355,,,
1540586139.0394046,3.67776,6.29355,,,
1540586139.1276743,3.67776,6.29355,,,
1540586139.2242315,3.67776,6.29355,0,0,0
1540586139.331878,3.67761,6.29355,,,
1540586139.4362028,3.67761,6.29355,,,
1540586139.530652,3.67761,6.29355,,,
1540586139.626809,3.67746,6.29381,,,
1540586139.7320025,3.67746,6.29381,,,
1540586139.8316784,3.67746,6.29381,,,
1540586139.9338923,3.67731,6.29381,,,
1540586140.0274837,3.67731,6.29407,,,
1540586140.1291246,3.67731,6.29407,,,
1540586140.2478118,3.67709,6.29407,0,0,0
1540586140.3509088,3.67709,6.29459,,,
1540586140.4320211,3.67709,6.29459,,,
1540586140.5311477,3.67709,6.29459,,,
1540586140.6412456,3.67694,6.29459,,,
1540586140.744673,3.67694,6.29459,,,
1540586140.8326557,3.67694,6.29459,,,
1540586140.9294136,3.67679,6.29459,,,
1540586141.0380206,3.67679,6.29485,,,
1540586141.1416607,3.67679,6.29485,,,
1540586141.233629,3.67679,6.29485,0,0,0
1540586141.331749,3.67664,6.29535,,,
1540586141.4356143,3.67664,6.29535,,,
1540586141.5362327,3.67664,6.29535,,,
1540586141.6350455,3.67648,6.29561,,,
1540586141.7301853,3.67648,6.29561,,,
1540586141.8323672,3.67648,6.29561,,,
1540586141.9287517,3.67633,6.29561,,,
1540586142.054897,3.67633,6.29587,,,
1540586142.1379137,3.67633,6.29587,0,0,0
1540586142.2361677,3.67633,6.29587,,,
1540586142.3439512,3.6761,6.29613,,,
1540586142.4503887,3.6761,6.29613,,,
1540586142.5367289,3.6761,6.29613,,,
1540586142.6373303,3.67595,6.29639,,,
1540586142.7432005,3.67595,6.29639,,,
1540586142.8488748,3.67595,6.29639,,,
1540586142.9395487,3.6758,6.29639,,,
1540586143.0362365,3.6758,6.29665,,,
1540586143.1385238,3.6758,6.29665,,,
1540586143.2390978,3.6758,6.29665,0,0,0
1540586143.3381264,3.67564,6.29691,,,
1540586143.4386287,3.67564,6.29691,,,
1540586143.535909,3.67564,6.29691,,,
1540586143.6361036,3.67549,6.29715,,,
1540586143.7394648,3.67549,6.29715,,,
1540586143.8373506,3.67549,6.29715,,,
1540586143.941085,3.67535,6.29715,,,
1540586144.0487838,3.67535,6.29767,,,
1540586144.1533897,3.67535,6.29767,,,
1540586144.2428918,3.67535,6.29767,0,0,0
1540586144.3373477,3.6752,6.29767,,,
1540586144.4422588,3.6752,6.29767,,,
1540586144.5429747,3.6752,6.29767,,,
1540586144.638154,3.67497,6.29793,,,
1540586144.73882,3.67497,6.29793,,,
1540586144.8418288,3.67497,6.29793,,,
1540586144.9423442,3.67482,6.29793,,,
1540586145.0416203,3.67482,6.29845,,,
1540586145.1403675,3.67482,6.29845,,,
1540586145.243042,3.67482,6.29845,0,0,0
1540586145.3577466,3.67467,6.29871,,,
1540586145.4606223,3.67467,6.29871,,,
1540586145.5434687,3.67467,6.29871,,,
1540586145.643596,3.67451,6.29895,,,
1540586145.7503157,3.67451,6.29895,,,
1540586145.853515,3.67451,6.29895,,,
1540586145.9447181,3.67436,6.29895,,,
1540586146.0445669,3.67436,6.29895,,,
1540586146.1452205,3.67436,6.29895,,,
1540586146.2460027,3.67436,6.29895,0,0,0
1540586146.3408604,3.67413,6.29947,,,
1540586146.443479,3.67413,6.29947,,,
1540586146.5428457,3.67413,6.29947,,,
1540586146.6623325,3.67398,6.29973,,,
1540586146.7642531,3.67398,6.29973,,,
1540586146.846715,3.67398,6.29973,,,
1540586146.9455574,3.67383,6.29973,,,
1540586147.052596,3.67383,6.29999,,,
1540586147.161479,3.67383,6.29999,,,
1540586147.2481277,3.67383,6.29999,0,0,0
1540586147.3456838,3.67368,6.30025,,,
1540586147.454148,3.67368,6.30025,,,
1540586147.5606081,3.67368,6.30025,,,
1540586147.6465933,3.67352,6.30025,,,
1540586147.7463317,3.67352,6.30051,,,
1540586147.858986,3.67352,6.30051,,,
1540586147.955846,3.67339,6.30051,,,
1540586148.0563004,3.67339,6.30075,,,
1540586148.1528668,3.67339,6.30075,0,0,0
1540586148.2471254,3.67339,6.30075,,,
1540586148.3484833,3.67323,6.30101,,,
1540586148.4500587,3.67323,6.30101,,,
1540586148.549027,3.67323,6.30101,,,
1540586148.6498277,3.67308,6.30101,,,
1540586148.7633648,3.67308,6.30127,,,
1540586148.8769395,3.67308,6.30127,,,
1540586148.9540026,3.67285,6.30127,,,
1540586149.0551465,3.67285,6.30205,,,
1540586149.1594925,3.67285,6.30205,0,0,0
1540586149.2595909,3.67285,6.30205,,,
1540586149.3551486,3.6727,6.30231,,,
1540586149.4593675,3.6727,6.30231,,,
1540586149.5559745,3.6727,6.30231,,,
1540586149.6557875,3.67255,6.30231,,,
1540586149.7557125,3.67255,6.30281,,,
1540586149.8565476,3.67255,6.30281,,,
1540586149.9549851,3.67239,6.30281,,,
1540586150.0662024,3.67239,6.30307,,,
1540586150.1710324,3.67239,6.30307,0,0,0
1540586150.255586,3.67239,6.30307,,,
1540586150.3577726,3.67216,6.30333,,,
1540586150.4628022,3.67216,6.30333,,,
1540586150.5718756,3.67216,6.30333,,,
1540586150.6589198,3.67201,6.30333,,,
1540586150.762568,3.67201,6.30359,,,
1540586150.859839,3.67201,6.30359,,,
1540586150.9604812,3.67186,6.30359,,,
1540586151.0592911,3.67186,6.30385,,,
1540586151.1599312,3.67186,6.30385,0,0,0
1540586151.2615926,3.67186,6.30385,,,
1540586151.3769295,3.67171,6.30411,,,
1540586151.480941,3.67171,6.30411,,,
1540586151.5638266,3.67171,6.30411,,,
1540586151.661972,3.67155,6.30411,,,
1540586151.7696774,3.67155,6.30435,,,
1540586151.8750918,3.67155,6.30435,,,
1540586151.963522,3.67134,6.30435,,,
1540586152.0627992,3.67134,6.30461,,,
1540586152.1648178,3.67134,6.30461,0,0,0
1540586152.2654471,3.67134,6.30461,,,
1540586152.3631973,3.67119,6.30487,,,
1540586152.463337,3.67119,6.30487,,,
1540586152.5611176,3.67119,6.30487,,,
1540586152.682288,3.67104,6.30513,,,
1540586152.784646,3.67104,6.30513,,,
1540586152.8692935,3.67104,6.30513,,,
1540586152.967166,3.67088,6.30513,,,
1540586153.0790422,3.67088,6.30565,,,
1540586153.176092,3.67088,6.30565,0,0,0
1540586153.26654,3.67088,6.30565,,,
1540586153.3684373,3.67073,6.30591,,,
1540586153.4691083,3.67073,6.30591,,,
1540586153.5734236,3.67073,6.30591,,,
1540586153.6659424,3.67058,6.30591,,,
1540586153.7676468,3.67058,6.30615,,,
1540586153.8679304,3.67058,6.30615,,,
1540586153.9824097,3.67035,6.30615,,,
1540586154.0893111,3.67035,6.30641,,,
1540586154.1720297,3.67035,6.30641,0,0,0
1540586154.2672608,3.67035,6.30641,,,
1540586154.3782907,3.6702,6.30667,,,
1540586154.4835145,3.6702,6.30667,,,
1540586154.5698936,3.6702,6.30667,,,
1540586154.670937,3.67004,6.30667,,,
1540586154.7721646,3.67004,6.30693,,,
1540586154.8719475,3.67004,6.30693,,,
1540586154.9755924,3.66989,6.30693,,,
1540586155.077352,3.66989,6.30719,,,
1540586155.17423,3.66989,6.30719,0,0,0
1540586155.2922752,3.66989,6.30719,,,
1540586155.4009027,3.66966,6.30745,,,
1540586155.4752474,3.66966,6.30745,,,
1540586155.5740523,3.66966,6.30745,,,
1540586155.6825533,3.66953,6.30771,,,
1540586155.790531,3.66953,6.30771,,,
1540586155.8781924,3.66953,6.30771,,,
1540586155.9763305,3.66937,6.30771,,,
1540586156.082929,3.66937,6.30795,,,
1540586156.1896665,3.66937,6.30795,0,0,0
1540586156.2766597,3.66937,6.30795,,,
1540586156.3742669,3.66922,6.30821,,,
1540586156.4740367,3.66922,6.30821,,,
1540586156.575645,3.66922,6.30821,,,
1540586156.6745417,3.66907,6.30821,,,
1540586156.7994285,3.66907,6.30873,,,
1540586156.881641,3.66907,6.30873,,,
1540586156.9761074,3.66907,6.30873,,,
1540586157.0998359,3.66884,6.30899,,,
1540586157.1806674,3.66884,6.30899,0,0,0
1540586157.277026,3.66884,6.30899,,,
1540586157.3880634,3.66869,6.30925,,,
1540586157.492023,3.66869,6.30925,,,
1540586157.5782552,3.66869,6.30925,,,
1540586157.6763864,3.66853,6.30925,,,
1540586157.782499,3.66853,6.30951,,,
1540586157.8935304,3.66853,6.30951,,,
1540586157.978042,3.66853,6.30951,,,
1540586158.078699,3.66838,6.30975,,,
1540586158.1836343,3.66838,6.30975,0,0,0
1540586158.2925394,3.66838,6.30975,,,
1540586158.3815415,3.66823,6.31001,,,
1540586158.480543,3.66823,6.31001,,,
1540586158.5791473,3.66823,6.31001,,,
1540586158.6795394,3.66808,6.31001,,,
1540586158.7787855,3.66808,6.31027,,,
1540586158.884983,3.66808,6.31027,,,
1540586158.9765072,3.66808,6.31027,,,
1540586159.097125,3.66785,6.31053,,,
1540586159.2022095,3.66785,6.31053,0,0,0
1540586159.283889,3.66785,6.31053,,,
1540586159.3824894,3.66769,6.31079,,,
1540586159.4948537,3.66769,6.31079,,,
1540586159.5901437,3.66769,6.31079,,,
1540586159.6815195,3.66756,6.31079,,,
1540586159.7841773,3.66756,6.31105,,,
1540586159.8811479,3.66756,6.31105,,,
1540586159.9830391,3.66756,6.31105,,,
1540586160.0814083,3.6674,6.31105,,,
1540586160.185174,3.6674,6.31105,0,0,0
1540586160.2816572,3.6674,6.31105,,,
1540586160.3978336,3.66725,6.31105,,,
1540586160.504934,3.66725,6.31105,,,
1540586160.5857577,3.66725,6.31105,,,
1540586160.6838567,3.6671,6.31105,,,
1540586160.7971234,3.6671,6.31131,,,
1540586160.8906348,3.6671,6.31131,,,
1540586160.9834945,3.6671,6.31131,,,
1540586161.0831532,3.66687,6.31181,,,
1540586161.1860805,3.66687,6.31181,0,0,0
1540586161.2913558,3.66687,6.31181,,,
1540586161.3905208,3.66672,6.31207,,,
1540586161.4894,3.66672,6.31207,,,
1540586161.5860486,3.66672,6.31207,,,
1540586161.7021766,3.66649,6.31207,,,
1540586161.8282335,3.66649,6.31233,,,
1540586161.897252,3.66649,6.31233,,,
1540586161.989799,3.66649,6.31233,,,
1540586162.0993187,3.66634,6.31259,,,
1540586162.205181,3.66634,6.31259,0,0,0
1540586162.2928493,3.66634,6.31259,,,
1540586162.385739,3.66618,6.31311,,,
1540586162.4961734,3.66618,6.31311,,,
1540586162.6052952,3.66618,6.31311,,,
1540586162.6972702,3.66603,6.31311,,,
1540586162.7942562,3.66603,6.31311,,,
1540586162.8901677,3.66603,6.31311,,,
1540586162.9919806,3.66603,6.31311,,,
1540586163.0890782,3.66588,6.31335,,,
1540586163.1910932,3.66588,6.31335,0,0,0
1540586163.304989,3.66588,6.31335,,,
1540586163.4120488,3.66574,6.31413,,,
1540586163.5184162,3.66574,6.31413,,,
1540586163.596786,3.66574,6.31413,,,
1540586163.6941311,3.66551,6.31413,,,
1540586163.807308,3.66551,6.31465,,,
1540586163.9122303,3.66551,6.31465,,,
1540586163.9994743,3.66551,6.31465,,,
1540586164.0934677,3.66536,6.31491,,,
1540586164.200592,3.66536,6.31491,0,0,0
1540586164.3015108,3.66536,6.31491,,,
1540586164.3984776,3.66521,6.31491,,,
1540586164.4968028,3.66521,6.31516,,,
1540586164.59559,3.66521,6.31516,,,
1540586164.6997323,3.66505,6.31516,,,
1540586164.7963753,3.66505,6.31541,,,
1540586164.8982015,3.66505,6.31541,,,
1540586164.998273,3.66505,6.31541,,,
1540586165.1112752,3.6649,6.31567,,,
1540586165.2129748,3.6649,6.31567,0,0,0
1540586165.299371,3.6649,6.31567,,,
1540586165.3985794,3.66467,6.31567,,,
1540586165.5070202,3.66467,6.31619,,,
1540586165.609855,3.66467,6.31619,,,
1540586165.698341,3.66452,6.31619,,,
1540586165.7960787,3.66452,6.31645,,,
1540586165.900103,3.66452,6.31645,,,
1540586166.0013442,3.66452,6.31645,,,
1540586166.0976534,3.66437,6.31671,,,
1540586166.196083,3.66437,6.31671,0,0,0
1540586166.2955732,3.66437,6.31671,,,
1540586166.3968177,3.66422,6.31671,,,
1540586166.4967206,3.66422,6.31696,,,
1540586166.5983782,3.66422,6.31696,,,
1540586166.6983242,3.66399,6.31696,,,
1540586166.8089333,3.66399,6.31721,,,
1540586166.91493,3.66399,6.31721,,,
1540586167.0046728,3.66399,6.31721,,,
1540586167.1037757,3.66385,6.31747,,,
1540586167.2067602,3.66385,6.31747,0,0,0
1540586167.3057706,3.66385,6.31747,,,
1540586167.39975,3.6637,6.31747,,,
1540586167.5040789,3.6637,6.31773,,,
1540586167.6025124,3.6637,6.31773,,,
1540586167.702028,3.66354,6.31773,,,
1540586167.8016043,3.66354,6.31799,,,
1540586167.9026744,3.66354,6.31799,,,
1540586168.003967,3.66354,6.31799,,,
1540586168.1193447,3.66339,6.31825,,,
1540586168.2236385,3.66339,6.31825,0,0,0
1540586168.3036225,3.66339,6.31825,,,
1540586168.401478,3.66316,6.31825,,,
1540586168.5079439,3.66316,6.31851,,,
1540586168.6161754,3.66316,6.31851,,,
1540586168.7048156,3.66301,6.31851,,,
1540586168.8114715,3.66301,6.31902,,,
1540586168.9139256,3.66301,6.31902,,,
1540586169.007561,3.66301,6.31902,,,
1540586169.1053367,3.66286,6.31927,,,
1540586169.2045658,3.66286,6.31927,0,0,0
1540586169.3021407,3.66286,6.31927,,,
1540586169.404725,3.6627,6.31927,,,
1540586169.5034833,3.6627,6.31953,,,
1540586169.6050172,3.6627,6.31953,,,
1540586169.704149,3.66248,6.31953,,,
1540586169.8143127,3.66248,6.31979,,,
1540586169.9232776,3.66248,6.31979,,,
1540586170.008571,3.66248,6.31979,,,
1540586170.1102033,3.66232,6.32005,,,
1540586170.2147014,3.66232,6.32005,0,0,0
1540586170.321865,3.66232,6.32005,,,
1540586170.4057882,3.66217,6.32005,,,
1540586170.5081427,3.66217,6.32031,,,
1540586170.6113071,3.66217,6.32031,,,
1540586170.71092,3.66194,6.32031,,,
1540586170.8067815,3.66194,6.32056,,,
1540586170.9084153,3.66194,6.32056,,,
1540586171.005681,3.66194,6.32056,,,
1540586171.1107998,3.6618,6.32082,,,
1540586171.2082555,3.6618,6.32082,0,0,0
1540586171.3079674,3.6618,6.32082,,,
1540586171.4086905,3.66165,6.32082,,,
1540586171.5191908,3.66165,6.32133,,,
1540586171.6255403,3.66165,6.32133,,,
1540586171.709461,3.66165,6.32133,,,
1540586171.8080382,3.6615,6.32159,,,
1540586171.9142275,3.6615,6.32159,,,
1540586172.0145354,3.6615,6.32159,,,
1540586172.110692,3.66135,6.32185,,,
1540586172.2135,3.66135,6.32185,0,0,0
1540586172.313029,3.66135,6.32185,,,
1540586172.4120116,3.66112,6.32185,,,
1540586172.51016,3.66112,6.32211,,,
1540586172.6112587,3.66112,6.32211,,,
1540586172.709682,3.66112,6.32211,,,
1540586172.828472,3.66096,6.32236,,,
1540586172.9344273,3.66096,6.32236,,,
1540586173.0148754,3.66096,6.32236,,,
1540586173.1106684,3.66081,6.32262,,,
1540586173.2186482,3.66081,6.32262,0,0,0
1540586173.32562,3.66081,6.32262,,,
1540586173.416578,3.66058,6.32262,,,
1540586173.5117066,3.66058,6.32314,,,
1540586173.6169963,3.66058,6.32314,,,
1540586173.7188013,3.66058,6.32314,,,
1540586173.8183885,3.66043,6.32339,,,
1540586173.9178286,3.66043,6.32339,,,
1540586174.018265,3.66043,6.32339,,,
1540586174.116533,3.66028,6.32365,,,
1540586174.2137516,3.66028,6.32365,0,0,0
1540586174.3156545,3.66028,6.32365,,,
1540586174.4126165,3.66013,6.32365,,,
1540586174.5288692,3.66013,6.32391,,,
1540586174.6283994,3.66013,6.32391,,,
1540586174.7164235,3.66013,6.32391,,,
1540586174.8146486,3.65991,6.32416,,,
1540586174.9158752,3.65991,6.32416,,,
1540586175.0176158,3.65991,6.32416,,,
1540586175.116885,3.65976,6.32442,,,
1540586175.2167587,3.65976,6.32442,0,0,0
1540586175.317271,3.65976,6.32442,,,
1540586175.4338973,3.65961,6.32442,,,
1540586175.5346563,3.65961,6.32468,,,
1540586175.6182516,3.65961,6.32468,,,
1540586175.7144563,3.65961,6.32468,,,
1540586175.82393,3.65945,6.32494,,,
1540586175.9276075,3.65945,6.32494,,,
1540586176.0240066,3.65945,6.32494,,,
1540586176.1219392,3.65923,6.32545,,,
1540586176.2213311,3.65923,6.32545,0,0,0
1540586176.3246574,3.65923,6.32545,,,
1540586176.4245436,3.65907,6.32545,,,
1540586176.5250077,3.65907,6.32571,,,
1540586176.6303866,3.65907,6.32571,,,
1540586176.737091,3.65892,6.32571,,,
1540586176.8436391,3.65892,6.32596,,,
1540586176.9259934,3.65892,6.32596,,,
1540586177.0251365,3.65892,6.32596,,,
1540586177.1339245,3.65877,6.32622,,,
1540586177.2376244,3.65877,6.32622,0,0,0
1540586177.3276155,3.65877,6.32622,,,
1540586177.4239178,3.65854,6.32622,,,
1540586177.5252626,3.65854,6.32648,,,
1540586177.6269841,3.65854,6.32648,,,
1540586177.727717,3.65854,6.32648,,,
1540586177.827365,3.65839,6.32674,,,
1540586177.9256575,3.65839,6.32674,,,
1540586178.0471265,3.65839,6.32674,,,
1540586178.1559978,3.65823,6.327,,,
1540586178.2321289,3.65823,6.327,0,0,0
1540586178.3285513,3.65823,6.327,,,
1540586178.4394093,3.65808,6.327,,,
1540586178.5450206,3.65808,6.32726,,,
1540586178.6335406,3.65808,6.32726,,,
1540586178.729017,3.65808,6.32726,,,
1540586178.8395066,3.65787,6.32776,,,
1540586178.9456203,3.65787,6.32776,,,
1540586179.034237,3.65787,6.32776,,,
1540586179.1287715,3.65771,6.32802,,,
1540586179.2457483,3.65771,6.32802,0,0,0
1540586179.348218,3.65771,6.32802,,,
1540586179.434882,3.65756,6.32802,,,
1540586179.5350072,3.65756,6.32828,,,
1540586179.658827,3.65756,6.32828,,,
1540586179.7508848,3.65733,6.32828,,,
1540586179.8379486,3.65733,6.32854,,,
1540586179.9347603,3.65733,6.32854,,,
1540586180.0348454,3.65733,6.32854,,,
1540586180.13509,3.65718,6.3288,,,
1540586180.2367313,3.65718,6.3288,0,0,0
1540586180.336613,3.65718,6.3288,,,
1540586180.4335134,3.65703,6.3288,,,
1540586180.5512216,3.65703,6.32906,,,
1540586180.6535017,3.65703,6.32906,,,
1540586180.736594,3.65703,6.32906,,,
1540586180.8332403,3.6568,6.32956,,,
1540586180.9448054,3.6568,6.32956,,,
1540586181.0526037,3.6568,6.32956,,,
1540586181.1392035,3.65665,6.32956,,,
1540586181.2396975,3.65665,6.32982,0,0,0
1540586181.349873,3.65665,6.32982,,,
1540586181.4502845,3.65649,6.32982,,,
1540586181.5428364,3.65649,6.33008,,,
1540586181.64437,3.65649,6.33008,,,
1540586181.7456462,3.65649,6.33008,,,
1540586181.8439589,3.65634,6.33034,,,
1540586181.9419591,3.65634,6.33034,,,
1540586182.0428143,3.65634,6.33034,,,
1540586182.1410773,3.65613,6.33034,,,
1540586182.2419329,3.65613,6.3306,0,0,0
1540586182.3357003,3.65613,6.3306,,,
1540586182.439299,3.65598,6.3306,,,
1540586182.5370193,3.65598,6.33086,,,
1540586182.650269,3.65598,6.33086,,,
1540586182.7578683,3.65598,6.33086,,,
1540586182.8489404,3.65582,6.33112,,,
1540586182.9465253,3.65582,6.33112,,,
1540586183.0465775,3.65582,6.33112,,,
1540586183.1492934,3.65559,6.33112,,,
1540586183.2470667,3.65559,6.33136,0,0,0
1540586183.3455129,3.65559,6.33136,,,
1540586183.4468508,3.65544,6.33136,,,
1540586183.5449781,3.65544,6.33188,,,
1540586183.6443274,3.65544,6.33188,,,
1540586183.7437232,3.65544,6.33188,,,
1540586183.8402858,3.65529,6.33214,,,
1540586183.9590528,3.65529,6.33214,,,
1540586184.0600808,3.65529,6.33214,,,
1540586184.1453292,3.65506,6.33214,0,0,0
1540586184.2429457,3.65506,6.3324,,,
1540586184.3489287,3.65506,6.3324,,,
1540586184.4582317,3.65491,6.3324,,,
1540586184.5512364,3.65491,6.33266,,,
1540586184.6468163,3.65491,6.33266,,,
1540586184.7518497,3.65491,6.33266,,,
1540586184.856321,3.65475,6.33292,,,
1540586184.946144,3.65475,6.33292,,,
1540586185.0468335,3.65475,6.33292,,,
1540586185.1524427,3.65453,6.33292,,,
1540586185.2512305,3.65453,6.33316,0,0,0
1540586185.3515139,3.65453,6.33316,,,
1540586185.450129,3.65437,6.33316,,,
1540586185.5455165,3.65437,6.33368,,,
1540586185.6466472,3.65437,6.33368,,,
1540586185.75155,3.65437,6.33368,,,
1540586185.8500412,3.65424,6.33394,,,
1540586185.946662,3.65424,6.33394,,,
1540586186.0630708,3.65424,6.33394,,,
1540586186.1694815,3.65408,6.33394,0,0,0
1540586186.253441,3.65408,6.3342,,,
1540586186.3528132,3.65408,6.3342,,,
1540586186.4636748,3.65385,6.3342,,,
1540586186.568074,3.65385,6.33446,,,
1540586186.6511571,3.65385,6.33446,,,
1540586186.748201,3.65385,6.33446,,,
1540586186.8559277,3.6537,6.33472,,,
1540586186.9639037,3.6537,6.33472,,,
1540586187.0580587,3.6537,6.33472,,,
1540586187.1608722,3.65355,6.33472,0,0,0
1540586187.2640405,3.65355,6.33496,,,
1540586187.3592577,3.65355,6.33496,,,
1540586187.4586732,3.65332,6.33496,,,
1540586187.557622,3.65332,6.33522,,,
1540586187.6533618,3.65332,6.33522,,,
1540586187.7537677,3.65332,6.33522,,,
1540586187.8536773,3.65317,6.33574,,,
1540586187.9518168,3.65317,6.33574,,,
1540586188.0520592,3.65317,6.33574,,,
1540586188.1708653,3.65302,6.336,,,
1540586188.2697575,3.65302,6.336,0,0,0
1540586188.353458,3.65302,6.336,,,
1540586188.4538767,3.65302,6.336,,,
1540586188.55909,3.65279,6.33626,,,
1540586188.6596997,3.65279,6.33626,,,
1540586188.7616212,3.65279,6.33626,,,
1540586188.8564153,3.65263,6.33652,,,
1540586188.954432,3.65263,6.33652,,,
1540586189.0570798,3.65263,6.33652,,,
1540586189.1586745,3.65248,6.33652,0,0,0
1540586189.2555158,3.65248,6.33676,,,
1540586189.35796,3.65248,6.33676,,,
1540586189.4724426,3.65227,6.33676,,,
1540586189.5713706,3.65227,6.33702,,,
1540586189.6587996,3.65227,6.33702,,,
1540586189.7538507,3.65227,6.33702,,,
1540586189.8649445,3.65211,6.33754,,,
1540586189.9654872,3.65211,6.33754,,,
1540586190.061302,3.65211,6.33754,,,
1540586190.154073,3.65196,6.33754,0,0,0
1540586190.25435,3.65196,6.33806,,,
1540586190.3545952,3.65196,6.33806,,,
1540586190.4549837,3.65196,6.33806,,,
1540586190.5540345,3.65173,6.33856,,,
1540586190.652832,3.65173,6.33856,,,
1540586190.7706316,3.65173,6.33856,,,
1540586190.8769908,3.65158,6.33882,,,
1540586190.967279,3.65158,6.33882,,,
1540586191.0589948,3.65158,6.33882,,,
1540586191.1668072,3.65143,6.33882,0,0,0
1540586191.2696471,3.65143,6.33908,,,
1540586191.3587909,3.65143,6.33908,,,
1540586191.4562104,3.65143,6.33908,,,
1540586191.5554624,3.6512,6.33934,,,
1540586191.656597,3.6512,6.33934,,,
1540586191.7559562,3.6512,6.33934,,,
1540586191.8556826,3.65105,6.33986,,,
1540586191.9538386,3.65105,6.33986,,,
1540586192.0743356,3.65105,6.33986,,,
1540586192.181415,3.65089,6.33986,0,0,0
1540586192.2648468,3.65089,6.33986,,,
1540586192.3609107,3.65089,6.33986,,,
1540586192.4706864,3.65089,6.33986,,,
1540586192.5747771,3.65074,6.34012,,,
1540586192.661494,3.65074,6.34012,,,
1540586192.7595875,3.65074,6.34012,,,
1540586192.8685966,3.65051,6.34062,,,
1540586192.9708905,3.65051,6.34062,,,
1540586193.0599391,3.65051,6.34062,,,
1540586193.1582022,3.65038,6.34062,0,0,0
1540586193.2629023,3.65038,6.34088,,,
1540586193.3626852,3.65038,6.34088,,,
1540586193.460724,3.65038,6.34088,,,
1540586193.5593147,3.65015,6.34114,,,
1540586193.659301,3.65015,6.34114,,,
1540586193.7590582,3.65015,6.34114,,,
1540586193.8601289,3.64999,6.34114,,,
1540586193.9607267,3.64999,6.34166,,,
1540586194.0597868,3.64999,6.34166,,,
1540586194.1733723,3.64984,6.34166,0,0,0
1540586194.2770257,3.64984,6.34192,,,
1540586194.3644443,3.64984,6.34192,,,
1540586194.461825,3.64984,6.34192,,,
1540586194.572975,3.64961,6.34192,,,
1540586194.679483,3.64961,6.34192,,,
1540586194.7680056,3.64961,6.34192,,,
1540586194.8642378,3.64946,6.34192,,,
1540586194.9714751,3.64946,6.34242,,,
1540586195.0682135,3.64946,6.34242,,,
1540586195.171117,3.64931,6.34242,0,0,0
1540586195.2665012,3.64931,6.34294,,,
1540586195.3620064,3.64931,6.34294,,,
1540586195.464153,3.64931,6.34294,,,
1540586195.565533,3.64908,6.34294,,,
1540586195.6617744,3.64908,6.34294,,,
1540586195.7603097,3.64908,6.34294,,,
1540586195.8784702,3.64893,6.3432,,,
1540586195.9847283,3.64893,6.3432,,,
1540586196.0681334,3.64893,6.3432,,,
1540586196.1632755,3.64877,6.3432,0,0,0
1540586196.2715042,3.64877,6.34372,,,
1540586196.3785644,3.64877,6.34372,,,
1540586196.4734826,3.64877,6.34372,,,
1540586196.568018,3.64854,6.34396,,,
1540586196.6746395,3.64854,6.34396,,,
1540586196.7733808,3.64854,6.34396,,,
1540586196.870643,3.64841,6.34396,,,
1540586196.9718955,3.64841,6.34422,,,
1540586197.0709984,3.64841,6.34422,,,
1540586197.1711454,3.64825,6.34422,0,0,0
1540586197.2729948,3.64825,6.34448,,,
1540586197.368937,3.64825,6.34448,,,
1540586197.4681144,3.64825,6.34448,,,
1540586197.5839505,3.64803,6.345,,,
1540586197.6834743,3.64803,6.345,,,
1540586197.775799,3.64803,6.345,,,
1540586197.8714936,3.64787,6.345,,,
1540586197.9735632,3.64787,6.345,,,
1540586198.075566,3.64787,6.345,,,
1540586198.174259,3.64764,6.345,0,0,0
1540586198.2746043,3.64764,6.34552,,,
1540586198.3734853,3.64764,6.34552,,,
1540586198.4952364,3.64764,6.34552,,,
1540586198.5987744,3.64749,6.34576,,,
1540586198.6876814,3.64749,6.34576,,,
1540586198.7823257,3.64749,6.34576,,,
1540586198.894751,3.64734,6.34602,,,
1540586199.001606,3.64734,6.34602,,,
1540586199.0884044,3.64734,6.34602,,,
1540586199.1845655,3.64711,6.34602,0,0,0
1540586199.2942407,3.64711,6.34628,,,
1540586199.396377,3.64711,6.34628,,,
1540586199.4856467,3.64711,6.34628,,,
1540586199.5836554,3.64696,6.3468,,,
1540586199.6857562,3.64696,6.3468,,,
1540586199.7858853,3.64696,6.3468,,,
1540586199.8804743,3.6468,6.3468,,,
1540586199.985763,3.6468,6.34706,,,
1540586200.0817301,3.6468,6.34706,,,
1540586200.2065802,3.64665,6.34706,0,0,0
1540586200.3054583,3.64665,6.34706,,,
1540586200.3893688,3.64665,6.34706,,,
1540586200.486961,3.64665,6.34706,,,
1540586200.5955608,3.64644,6.34756,,,
1540586200.7004788,3.64644,6.34756,,,
1540586200.7886248,3.64644,6.34756,,,
1540586200.885657,3.64629,6.34756,,,
1540586200.9953072,3.64629,6.34782,,,
1540586201.102218,3.64629,6.34782,,,
1540586201.1882012,3.64613,6.34782,0,0,0
1540586201.2925537,3.64613,6.34808,,,
1540586201.396115,3.64613,6.34808,,,
1540586201.4929783,3.64613,6.34808,,,
1540586201.5881288,3.6459,6.34834,,,
1540586201.6853654,3.6459,6.34834,,,
1540586201.7835038,3.6459,6.34834,,,
1540586201.884305,3.64575,6.34834,,,
1540586201.986898,3.64575,6.34886,,,
1540586202.0849664,3.64575,6.34886,,,
1540586202.1852636,3.64575,6.34886,0,0,0
1540586202.3027534,3.6456,6.34912,,,
1540586202.4024777,3.6456,6.34912,,,
1540586202.492599,3.6456,6.34912,,,
1540586202.5908527,3.64537,6.34912,,,
1540586202.698411,3.64537,6.34912,,,
1540586202.7953153,3.64537,6.34912,,,
1540586202.887528,3.64522,6.34912,,,
1540586202.988601,3.64522,6.34962,,,
1540586203.1041532,3.64522,6.34962,,,
1540586203.1999404,3.64499,6.34962,0,0,0
1540586203.2958045,3.64499,6.35014,,,
1540586203.3890872,3.64499,6.35014,,,
1540586203.4881096,3.64499,6.35014,,,
1540586203.6085773,3.64484,6.35014,,,
1540586203.7083607,3.64484,6.35014,,,
1540586203.792788,3.64484,6.35014,,,
1540586203.8893352,3.64462,6.35014,,,
1540586204.0010562,3.64462,6.35066,,,
1540586204.1059835,3.64462,6.35066,,,
1540586204.192211,3.64462,6.35066,0,0,0
1540586204.2895029,3.64447,6.35117,,,
1540586204.3942049,3.64447,6.35117,,,
1540586204.4951081,3.64447,6.35117,,,
1540586204.5903113,3.64432,6.35117,,,
1540586204.6940696,3.64432,6.35117,,,
1540586204.7909722,3.64432,6.35117,,,
1540586204.8880045,3.64417,6.35117,,,
1540586204.9899304,3.64417,6.35143,,,
1540586205.0948665,3.64417,6.35143,,,
1540586205.191059,3.64417,6.35143,0,0,0
1540586205.303005,3.64394,6.35194,,,
1540586205.4056637,3.64394,6.35194,,,
1540586205.4962635,3.64394,6.35194,,,
1540586205.5923805,3.64378,6.3522,,,
1540586205.7012973,3.64378,6.3522,,,
1540586205.7979221,3.64378,6.3522,,,
1540586205.8942733,3.64355,6.3522,,,
1540586205.9923525,3.64355,6.35246,,,
1540586206.0943668,3.64355,6.35246,,,
1540586206.1958933,3.64355,6.35246,0,0,0
1540586206.2932525,3.6434,6.35272,,,
1540586206.3926027,3.6434,6.35272,,,
1540586206.492678,3.6434,6.35272,,,
1540586206.615928,3.64317,6.35297,,,
1540586206.7124119,3.64317,6.35297,,,
1540586206.7987206,3.64317,6.35297,,,
1540586206.8964062,3.64302,6.35297,,,
1540586207.0055285,3.64302,6.35323,,,
1540586207.1075225,3.64302,6.35323,,,
1540586207.1994028,3.64302,6.35323,0,0,0
1540586207.2962353,3.64287,6.35349,,,
1540586207.3957596,3.64287,6.35349,,,
1540586207.5031736,3.64287,6.35349,,,
1540586207.5978677,3.64265,6.354,,,
1540586207.6952953,3.64265,6.354,,,
1540586207.799912,3.64265,6.354,,,
1540586207.8989017,3.6425,6.354,,,
1540586207.996942,3.6425,6.35426,,,
1540586208.0961812,3.6425,6.35426,,,
1540586208.195447,3.6425,6.35426,0,0,0
1540586208.318707,3.64227,6.35452,,,
1540586208.4182909,3.64227,6.35452,,,
1540586208.5015852,3.64227,6.35452,,,
1540586208.5966847,3.64212,6.35503,,,
1540586208.7064428,3.64212,6.35503,,,
1540586208.8116887,3.64212,6.35503,,,
1540586208.9035175,3.64197,6.35503,,,
1540586208.9991388,3.64197,6.35529,,,
1540586209.1016145,3.64197,6.35529,,,
1540586209.2100575,3.64197,6.35529,0,0,0
1540586209.3024502,3.64174,6.35529,,,
1540586209.3987782,3.64174,6.35529,,,
1540586209.5001602,3.64174,6.35529,,,
1540586209.609942,3.64159,6.35529,,,
1540586209.7046816,3.64159,6.3558,,,
1540586209.8017068,3.64159,6.3558,,,
1540586209.9027336,3.64143,6.3558,,,
1540586210.0052674,3.64143,6.35632,,,
1540586210.1026444,3.64143,6.35632,,,
1540586210.20304,3.64143,6.35632,0,0,0
1540586210.3023324,3.6412,6.35632,,,
1540586210.4247677,3.6412,6.35632,,,
1540586210.5301163,3.6412,6.35632,,,
1540586210.6064353,3.64105,6.35632,,,
1540586210.7034016,3.64105,6.35657,,,
1540586210.8180702,3.64105,6.35657,,,
1540586210.923428,3.64082,6.35657,,,
1540586211.006604,3.64082,6.35709,,,
1540586211.1034205,3.64082,6.35709,,,
1540586211.21343,3.64082,6.35709,0,0,0
1540586211.320452,3.64069,6.35735,,,
1540586211.4077313,3.64069,6.35735,,,
1540586211.5037832,3.64069,6.35735,,,
1540586211.6130056,3.64046,6.3576,,,
1540586211.7155125,3.64046,6.3576,,,
1540586211.807844,3.64046,6.3576,,,
1540586211.904035,3.6403,6.3576,,,
1540586212.006856,3.6403,6.35812,,,
1540586212.1145096,3.6403,6.35812,,,
1540586212.2085676,3.6403,6.35812,0,0,0
1540586212.3069582,3.64015,6.35838,,,
1540586212.4095361,3.64015,6.35838,,,
1540586212.5118287,3.64015,6.35838,,,
1540586212.6065621,3.63992,6.35838,,,
1540586212.706375,3.63992,6.35863,,,
1540586212.8055456,3.63992,6.35863,,,
1540586212.9006002,3.63977,6.35863,,,
1540586213.0270202,3.63977,6.35889,,,
1540586213.1201842,3.63977,6.35889,,,
1540586213.2164314,3.63977,6.35889,0,0,0
1540586213.3259327,3.63954,6.35941,,,
1540586213.4180508,3.63954,6.35941,,,
1540586213.51207,3.63954,6.35941,,,
1540586213.609061,3.63939,6.35941,,,
1540586213.7054539,3.63939,6.35941,,,
1540586213.832434,3.63939,6.35941,,,
1540586213.918032,3.63924,6.35941,,,
1540586214.0113678,3.63924,6.35966,,,
1540586214.1088197,3.63924,6.35966,,,
1540586214.230207,3.63924,6.35966,0,0,0
1540586214.3306594,3.63901,6.36018,,,
1540586214.4140387,3.63901,6.36018,,,
1540586214.5104127,3.63901,6.36018,,,
1540586214.6163898,3.63885,6.36018,,,
1540586214.7233455,3.63885,6.36043,,,
1540586214.81391,3.63885,6.36043,,,
1540586214.9109938,3.63885,6.36043,,,
1540586215.0113206,3.63864,6.36069,,,
1540586215.1215284,3.63864,6.36069,,,
1540586215.301533,3.6232,7.28439,,,
1540586215.458103,3.6232,7.28439,,,
1540586215.618677,3.57762,7.28439,,,
1540586215.7717876,3.57762,9.26479,,,
1540586215.9306989,3.57565,9.26479,,,
1540586216.084173,3.57565,9.26993,,,
1540586216.2431972,3.57565,9.26993,,,
1540586216.3958852,3.57422,9.27353,,,
1540586216.5603359,3.57422,9.27353,,,
1540586216.7302692,3.57309,9.27637,,,
1540586216.8340323,3.57309,9.27637,0,0,0
1540586216.915803,3.57309,9.27637,0,0,0
1540586217.0144706,3.59912,7.78084,,,
1540586217.1173804,3.59912,7.78084,,,
1540586217.2404993,3.59912,7.78084,0,0,0
1540586217.336669,3.63243,6.37175,,,
1540586217.4151266,3.63243,6.37175,,,
1540586217.5272446,3.63243,6.37175,,,
1540586217.631176,3.6331,6.37175,,,
1540586217.7255695,3.6331,6.37047,,,
1540586217.8199294,3.6331,6.37047,,,
1540586217.920963,3.6331,6.37047,,,
1540586218.0162606,3.63348,6.36995,,,
1540586218.1220803,3.63348,6.36995,,,
1540586218.2185414,3.63348,6.36995,0,0,0
1540586218.3205166,3.63364,6.36995,,,
1540586218.416986,3.63364,6.36995,,,
1540586218.544496,3.63364,6.36995,,,
1540586218.6230395,3.63364,6.36995,,,
1540586218.7190034,3.63364,6.36969,,,
1540586218.8215408,3.63364,6.36969,,,
1540586218.9325428,3.63364,6.36969,,,
1540586219.032107,3.63364,6.36969,,,
1540586219.1255689,3.63364,6.36969,,,
1540586219.2188056,3.63364,6.36969,0,0,0
1540586219.3217134,3.63364,6.36995,,,
1540586219.4311965,3.63364,6.36995,,,
1540586219.5212302,3.63364,6.36995,,,
1540586219.6194272,3.63356,6.36995,,,
1540586219.718039,3.63356,6.36995,,,
1540586219.8203242,3.63356,6.36995,,,
1540586219.9236403,3.63356,6.36995,,,
1540586220.0275111,3.63348,6.37021,,,
1540586220.122388,3.63348,6.37021,,,
1540586220.2388902,3.63348,6.37021,0,0,0
1540586220.3429778,3.63333,6.37021,,,
1540586220.4271953,3.63333,6.37021,,,
1540586220.5246668,3.63333,6.37021,,,
1540586220.6368742,3.63326,6.37021,,,
1540586220.738716,3.63326,6.37047,,,
1540586220.8267434,3.63326,6.37047,,,
1540586220.9268324,3.63326,6.37047,,,
1540586221.0298421,3.6331,6.37073,,,
1540586221.1362975,3.6331,6.37073,,,
1540586221.2355378,3.6331,6.37073,0,0,0
1540586221.3341043,3.63304,6.37073,,,
1540586221.425567,3.63304,6.37073,,,
1540586221.5453072,3.63304,6.37073,,,
1540586221.6283414,3.63289,6.37073,,,
1540586221.73535,3.63289,6.37099,,,
1540586221.8337426,3.63289,6.37099,,,
1540586221.9633746,3.63274,6.37099,,,
1540586222.046136,3.63274,6.37123,,,
1540586222.1472025,3.63274,6.37123,,,
1540586222.2419872,3.63274,6.37123,0,0,0
1540586222.3365817,3.63258,6.37149,,,
1540586222.4412127,3.63258,6.37149,,,
1540586222.5441287,3.63258,6.37149,,,
1540586222.642322,3.63251,6.37149,,,
1540586222.7368855,3.63251,6.37175,,,
1540586222.8589804,3.63251,6.37175,,,
1540586222.9592931,3.63235,6.37175,,,
1540586223.04044,3.63235,6.37201,,,
1540586223.1393962,3.63235,6.37201,,,
1540586223.2461512,3.63235,6.37201,0,0,0
1540586223.35261,3.6322,6.37227,,,
1540586223.443925,3.6322,6.37227,,,
1540586223.5410252,3.6322,6.37227,,,
1540586223.632808,3.63205,6.37227,,,
1540586223.7421758,3.63205,6.37279,,,
1540586223.8295321,3.63205,6.37279,,,
1540586223.9361928,3.63205,6.37279,,,
1540586224.0310647,3.6319,6.37329,,,
1540586224.1703167,3.6319,6.37329,,,
1540586224.2610104,3.6319,6.37329,0,0,0
1540586224.34066,3.63174,6.37381,,,
1540586224.4415104,3.63174,6.37381,,,
1540586224.5524187,3.63174,6.37381,,,
1540586224.6546109,3.63152,6.37381,,,
1540586224.7458487,3.63152,6.37381,,,
1540586224.8379517,3.63152,6.37381,,,
1540586224.9402823,3.63152,6.37381,,,
1540586225.048865,3.63136,6.37407,,,
1540586225.135069,3.63136,6.37407,,,
1540586225.2589233,3.63136,6.37407,0,0,0
1540586225.3480868,3.63121,6.37459,,,
1540586225.4458396,3.63121,6.37459,,,
1540586225.5463972,3.63121,6.37459,,,
1540586225.643537,3.63107,6.37459,,,
1540586225.7457385,3.63107,6.37483,,,
1540586225.8546631,3.63107,6.37483,,,
1540586225.9603195,3.63107,6.37483,,,
1540586226.051874,3.63092,6.37483,,,
1540586226.1462505,3.63092,6.37483,,,
1540586226.2451282,3.63092,6.37483,0,0,0
1540586226.382859,3.63077,6.37509,,,
1540586226.4605868,3.63077,6.37509,,,
1540586226.5558174,3.63077,6.37509,,,
1540586226.6494236,3.63062,6.37509,,,
1540586226.772991,3.63062,6.37561,,,
1540586226.876156,3.63062,6.37561,,,
1540586226.9483356,3.63062,6.37561,,,
1540586227.050821,3.63039,6.37587,,,
1540586227.1652434,3.63039,6.37587,,,
1540586227.2673373,3.63039,6.37587,0,0,0
1540586227.351238,3.63023,6.37587,,,
1540586227.446966,3.63023,6.37587,,,
1540586227.5633717,3.63023,6.37587,,,
1540586227.6682978,3.63008,6.37587,,,
1540586227.7518446,3.63008,6.37639,,,
1540586227.8479135,3.63008,6.37639,,,
1540586227.96069,3.63008,6.37639,,,
1540586228.0640368,3.62993,6.37689,,,
1540586228.160988,3.62993,6.37689,0,0,0
1540586228.2546263,3.62993,6.37689,,,
1540586228.3479009,3.62978,6.37689,,,
1540586228.4564016,3.62978,6.37689,,,
1540586228.5509489,3.62978,6.37689,,,
1540586228.6537962,3.62962,6.37689,,,
1540586228.7513478,3.62962,6.37715,,,
1540586228.8702621,3.62962,6.37715,,,
1540586228.9738245,3.62939,6.37715,,,
1540586229.0610247,3.62939,6.37741,,,
1540586229.1544232,3.62939,6.37741,0,0,0
1540586229.2643592,3.62939,6.37741,,,
1540586229.3687816,3.62924,6.37741,,,
1540586229.45661,3.62924,6.37793,,,
1540586229.5491714,3.62924,6.37793,,,
1540586229.6650298,3.6291,6.37793,,,
1540586229.7697194,3.6291,6.37793,,,
1540586229.8553429,3.6291,6.37793,,,
1540586229.9549112,3.6291,6.37793,,,
1540586230.0604162,3.62895,6.37819,,,
1540586230.1673696,3.62895,6.37819,0,0,0
1540586230.2565937,3.62895,6.37819,,,
1540586230.3582454,3.62872,6.37819,,,
1540586230.455246,3.62872,6.37869,,,
1540586230.5568225,3.62872,6.37869,,,
1540586230.6804037,3.62857,6.37869,,,
1540586230.7701979,3.62857,6.37895,,,
1540586230.861189,3.62857,6.37895,,,
1540586230.953044,3.62857,6.37895,,,
1540586231.059389,3.62842,6.37921,,,
1540586231.1584845,3.62842,6.37921,0,0,0
1540586231.2584083,3.62842,6.37921,,,
1540586231.3721554,3.62819,6.37947,,,
1540586231.4789608,3.62819,6.37947,,,
1540586231.559275,3.62819,6.37947,,,
1540586231.6559749,3.62819,6.37947,,,
1540586231.771281,3.62804,6.37999,,,
1540586231.8653631,3.62804,6.37999,,,
1540586231.9590983,3.62804,6.37999,,,
1540586232.0585434,3.62788,6.37999,,,
1540586232.1596308,3.62788,6.37999,0,0,0
1540586232.2615798,3.62788,6.37999,,,
1540586232.3573394,3.62766,6.37999,,,
1540586232.4571743,3.62766,6.38049,,,
1540586232.558493,3.62766,6.38049,,,
1540586232.6776133,3.6275,6.38049,,,
1540586232.7820692,3.6275,6.38075,,,
1540586232.8605359,3.6275,6.38075,,,
1540586232.961862,3.6275,6.38075,,,
1540586233.0716906,3.62735,6.38101,,,
1540586233.176709,3.62735,6.38101,0,0,0
1540586233.267284,3.62735,6.38101,,,
1540586233.3576396,3.62721,6.38101,,,
1540586233.4685853,3.62721,6.38127,,,
1540586233.5829575,3.62721,6.38127,,,
1540586233.7021003,3.62698,6.38127,,,
1540586233.7722867,3.62698,6.38179,,,
1540586233.8668282,3.62698,6.38179,,,
1540586233.9650738,3.62698,6.38179,,,
1540586234.0677357,3.62683,6.38203,,,
1540586234.1639059,3.62683,6.38203,0,0,0
1540586234.267236,3.62683,6.38203,,,
1540586234.381048,3.6266,6.38203,,,
1540586234.4849527,3.6266,6.38203,,,
1540586234.5719035,3.6266,6.38203,,,
1540586234.6704173,3.6266,6.38203,,,
1540586234.7778726,3.62645,6.38255,,,
1540586234.8849564,3.62645,6.38255,,,
1540586234.9764671,3.62645,6.38255,,,
1540586235.0716872,3.6263,6.38281,,,
1540586235.1688983,3.6263,6.38281,0,0,0
1540586235.2748325,3.6263,6.38281,,,
1540586235.369696,3.62614,6.38281,,,
1540586235.4733346,3.62614,6.38307,,,
1540586235.57585,3.62614,6.38307,,,
1540586235.692399,3.62592,6.38307,,,
1540586235.7953286,3.62592,6.38333,,,
1540586235.8779955,3.62592,6.38333,,,
1540586235.9749286,3.62592,6.38333,,,
1540586236.091194,3.62576,6.38383,,,
1540586236.1879127,3.62576,6.38383,0,0,0
1540586236.279872,3.62576,6.38383,,,
1540586236.3757238,3.62553,6.38383,,,
1540586236.4829428,3.62553,6.38409,,,
1540586236.583226,3.62553,6.38409,,,
1540586236.6790876,3.62553,6.38409,,,
1540586236.7751713,3.6254,6.38435,,,
1540586236.87328,3.6254,6.38435,,,
1540586236.9753644,3.6254,6.38435,,,
1540586237.069821,3.62517,6.38461,,,
1540586237.1793468,3.62517,6.38461,0,0,0
1540586237.2822933,3.62517,6.38461,,,
1540586237.3924391,3.62502,6.38461,,,
1540586237.4957023,3.62502,6.38513,,,
1540586237.5802746,3.62502,6.38513,,,
1540586237.6790802,3.62502,6.38513,,,
1540586237.7877498,3.62486,6.38539,,,
1540586237.8936214,3.62486,6.38539,,,
1540586237.9839,3.62486,6.38539,,,
1540586238.0781782,3.62463,6.38564,,,
1540586238.1886582,3.62463,6.38564,0,0,0
1540586238.2903814,3.62463,6.38564,,,
1540586238.380682,3.62448,6.38564,,,
1540586238.4860866,3.62448,6.38615,,,
1540586238.5871577,3.62448,6.38615,,,
1540586238.6843286,3.62448,6.38615,,,
1540586238.776753,3.62425,6.38667,,,
1540586238.8823638,3.62425,6.38667,,,
1540586238.9845219,3.62425,6.38667,,,
1540586239.1027446,3.6241,6.38719,,,
1540586239.2022338,3.6241,6.38719,0,0,0
1540586239.2828293,3.6241,6.38719,,,
1540586239.379028,3.62387,6.38719,,,
1540586239.4924233,3.62387,6.38744,,,
1540586239.5986881,3.62387,6.38744,,,
1540586239.6855652,3.62387,6.38744,,,
1540586239.7799807,3.62372,6.3877,,,
1540586239.895052,3.62372,6.3877,,,
1540586239.9927151,3.62372,6.3877,,,
1540586240.081683,3.62357,6.38795,,,
1540586240.1840441,3.62357,6.38795,0,0,0
1540586240.2880344,3.62357,6.38795,,,
1540586240.3851242,3.62335,6.38795,,,
1540586240.493713,3.62335,6.38847,,,
1540586240.5875247,3.62335,6.38847,,,
1540586240.6851532,3.62335,6.38847,,,
1540586240.805263,3.6232,6.38873,,,
1540586240.9054613,3.6232,6.38873,,,
1540586240.9868383,3.6232,6.38873,,,
1540586241.0907674,3.62297,6.38899,,,
1540586241.19932,3.62297,6.38899,0,0,0
1540586241.2942924,3.62297,6.38899,,,
1540586241.391169,3.62282,6.38899,,,
1540586241.511483,3.62282,6.38924,,,
1540586241.604712,3.62282,6.38924,,,
1540586241.6949394,3.62282,6.38924,,,
1540586241.788761,3.62267,6.3895,,,
1540586241.8891761,3.62267,6.3895,,,
1540586241.9880362,3.62267,6.3895,,,
1540586242.1025324,3.62244,6.39001,,,
1540586242.2093852,3.62244,6.39001,0,0,0
1540586242.2869287,3.62244,6.39001,,,
1540586242.3882444,3.62228,6.39001,,,
1540586242.4955966,3.62228,6.39027,,,
1540586242.6042297,3.62228,6.39027,,,
1540586242.6896574,3.62228,6.39027,,,
1540586242.784566,3.62206,6.39053,,,
1540586242.8990974,3.62206,6.39053,,,
1540586243.0021403,3.62206,6.39053,,,
1540586243.0890348,3.6219,6.39053,,,
1540586243.1915445,3.6219,6.39079,0,0,0
1540586243.298807,3.6219,6.39079,,,
1540586243.4045327,3.62167,6.39079,,,
1540586243.4886699,3.62167,6.3913,,,
1540586243.5930822,3.62167,6.3913,,,
1540586243.7042942,3.62167,6.3913,,,
1540586243.799869,3.62154,6.39156,,,
1540586243.8960884,3.62154,6.39156,,,
1540586243.9891279,3.62154,6.39156,,,
1540586244.0914645,3.62138,6.39156,,,
1540586244.193414,3.62138,6.39182,0,0,0
1540586244.2931008,3.62138,6.39182,,,
1540586244.389922,3.62115,6.39182,,,
1540586244.490672,3.62115,6.39207,,,
1540586244.6081386,3.62115,6.39207,,,
1540586244.715579,3.621,6.39207,,,
1540586244.7918513,3.621,6.39233,,,
1540586244.891122,3.621,6.39233,,,
1540586245.0044918,3.621,6.39233,,,
1540586245.1054265,3.62077,6.39284,,,
1540586245.199522,3.62077,6.39284,0,0,0
1540586245.3084579,3.62077,6.39284,,,
1540586245.403816,3.62062,6.39284,,,
1540586245.5220678,3.62062,6.3931,,,
1540586245.6284335,3.62062,6.3931,,,
1540586245.707211,3.62062,6.3931,,,
1540586245.8048227,3.62039,6.39336,,,
1540586245.9159698,3.62039,6.39336,,,
1540586246.0225554,3.62039,6.39336,,,
1540586246.1053915,3.62024,6.39362,,,
1540586246.2093632,3.62024,6.39362,0,0,0
1540586246.3153017,3.62024,6.39362,,,
1540586246.4132679,3.62001,6.39362,,,
1540586246.5038583,3.62001,6.39388,,,
1540586246.6084187,3.62001,6.39388,,,
1540586246.7100074,3.62001,6.39388,,,
1540586246.8108854,3.61986,6.39439,,,
1540586246.907066,3.61986,6.39439,,,
1540586247.0062385,3.61986,6.39439,,,
1540586247.1064856,3.61963,6.39439,,,
1540586247.229626,3.61963,6.39464,0,0,0
1540586247.3298717,3.61963,6.39464,,,
1540586247.4139004,3.61949,6.39464,,,
1540586247.5123177,3.61949,6.3949,,,
1540586247.6260276,3.61949,6.3949,,,
1540586247.7295318,3.61926,6.3949,,,
1540586247.8155942,3.61926,6.39542,,,
1540586247.9149454,3.61926,6.39542,,,
1540586248.0309286,3.61926,6.39542,,,
1540586248.1301253,3.61911,6.39542,,,
1540586248.211918,3.61911,6.39568,0,0,0
1540586248.3109334,3.61911,6.39568,,,
1540586248.4226768,3.61888,6.39568,,,
1540586248.5203424,3.61888,6.39594,,,
1540586248.6145837,3.61888,6.39594,,,
1540586248.7135277,3.61888,6.39594,,,
1540586248.817129,3.61873,6.39619,,,
1540586248.9163837,3.61873,6.39619,,,
1540586249.0163305,3.61873,6.39619,,,
1540586249.1141634,3.6185,6.39619,,,
1540586249.215833,3.6185,6.3967,0,0,0
1540586249.3405485,3.6185,6.3967,,,
1540586249.4315705,3.61835,6.3967,,,
1540586249.5150986,3.61835,6.39696,,,
1540586249.6118174,3.61835,6.39696,,,
1540586249.7205482,3.61835,6.39696,,,
1540586249.829039,3.61812,6.39722,,,
1540586249.9201324,3.61812,6.39722,,,
1540586250.0196218,3.61812,6.39722,,,
1540586250.1207066,3.61797,6.39722,,,
1540586250.2198126,3.61797,6.39748,0,0,0
1540586250.3151007,3.61797,6.39748,,,
1540586250.4188843,3.61774,6.39748,,,
1540586250.5172014,3.61774,6.39799,,,
1540586250.6127832,3.61774,6.39799,,,
1540586250.712808,3.61774,6.39799,,,
1540586250.8210342,3.6176,6.39824,,,
1540586250.9183187,3.6176,6.39824,,,
1540586251.0291777,3.6176,6.39824,,,
1540586251.1330004,3.61737,6.39824,,,
1540586251.2184775,3.61737,6.3985,0,0,0
1540586251.3190684,3.61737,6.3985,,,
1540586251.4229538,3.61722,6.3985,,,
1540586251.5236204,3.61722,6.39876,,,
1540586251.6183789,3.61722,6.39876,,,
1540586251.7155676,3.61722,6.39876,,,
1540586251.8157835,3.61699,6.39928,,,
1540586251.9169507,3.61699,6.39928,,,
1540586252.0156875,3.61699,6.39928,,,
1540586252.11544,3.61684,6.39928,,,
1540586252.21565,3.61684,6.39954,0,0,0
1540586252.335226,3.61684,6.39954,,,
1540586252.437268,3.61661,6.39954,,,
1540586252.517758,3.61661,6.3998,,,
1540586252.6214802,3.61661,6.3998,,,
1540586252.730806,3.61661,6.3998,,,
1540586252.837335,3.61638,6.40004,,,
1540586252.9546711,3.61638,6.40004,,,
1540586253.0208957,3.61638,6.40004,,,
1540586253.1208115,3.61623,6.40004,,,
1540586253.2323444,3.61623,6.40056,0,0,0
1540586253.3259664,3.61623,6.40056,,,
1540586253.4188316,3.61623,6.40056,,,
1540586253.5187633,3.616,6.40082,,,
1540586253.6223083,3.616,6.40082,,,
1540586253.7180803,3.616,6.40082,,,
1540586253.8182654,3.61584,6.40108,,,
1540586253.9189868,3.61584,6.40108,,,
1540586254.0405452,3.61584,6.40108,,,
1540586254.1426127,3.61563,6.40108,,,
1540586254.218639,3.61563,6.4016,0,0,0
1540586254.3213594,3.61563,6.4016,,,
1540586254.4286146,3.61563,6.4016,,,
1540586254.5319178,3.61548,6.40184,,,
1540586254.6212132,3.61548,6.40184,,,
1540586254.7197642,3.61548,6.40184,,,
1540586254.81955,3.61525,6.4021,,,
1540586254.9244857,3.61525,6.4021,,,
1540586255.0209813,3.61525,6.4021,,,
1540586255.1191266,3.6151,6.4021,,,
1540586255.2188766,3.6151,6.40236,0,0,0
1540586255.3422217,3.6151,6.40236,,,
1540586255.420995,3.6151,6.40236,,,
1540586255.5196257,3.61487,6.40262,,,
1540586255.6189547,3.61487,6.40262,,,
1540586255.734952,3.61487,6.40262,,,
1540586255.8422296,3.61472,6.40314,,,
1540586255.9193115,3.61472,6.40314,,,
1540586256.0210054,3.61472,6.40314,,,
1540586256.1240616,3.61449,6.40314,,,
1540586256.2341113,3.61449,6.40364,0,0,0
1540586256.3221931,3.61449,6.40364,,,
1540586256.4207988,3.61449,6.40364,,,
1540586256.5219114,3.61426,6.40416,,,
1540586256.625298,3.61426,6.40416,,,
1540586256.7215712,3.61426,6.40416,,,
1540586256.8207054,3.61411,6.40468,,,
1540586256.9205742,3.61411,6.40468,,,
1540586257.042796,3.61411,6.40468,,,
1540586257.1460705,3.61388,6.40468,,,
1540586257.2210689,3.61388,6.40468,0,0,0
1540586257.32029,3.61388,6.40468,,,
1540586257.4330475,3.61388,6.40468,,,
1540586257.5401268,3.61374,6.40468,,,
1540586257.6220524,3.61374,6.40468,,,
1540586257.7245789,3.61374,6.40468,,,
1540586257.830008,3.61351,6.40494,,,
1540586257.9375901,3.61351,6.40494,,,
1540586258.0257642,3.61351,6.40494,,,
1540586258.1243675,3.61336,6.40494,,,
1540586258.2294166,3.61336,6.40544,0,0,0
1540586258.3391685,3.61336,6.40544,,,
1540586258.427159,3.61336,6.40544,,,
1540586258.5261257,3.61313,6.40622,,,
1540586258.6333263,3.61313,6.40622,,,
1540586258.7389326,3.61313,6.40622,,,
1540586258.8283112,3.6129,6.40622,,,
1540586258.9263406,3.6129,6.40674,,,
1540586259.0324588,3.6129,6.40674,,,
1540586259.1370883,3.61275,6.40674,,,
1540586259.2268233,3.61275,6.40674,0,0,0
1540586259.3285816,3.61275,6.40674,,,
1540586259.426845,3.61275,6.40674,,,
1540586259.5496736,3.61252,6.407,,,
1540586259.6472957,3.61252,6.407,,,
1540586259.7271473,3.61252,6.407,,,
1540586259.8261635,3.61237,6.407,,,
1540586259.938905,3.61237,6.4075,,,
1540586260.0449765,3.61237,6.4075,,,
1540586260.128174,3.61214,6.4075,,,
1540586260.2275503,3.61214,6.40776,0,0,0
1540586260.3315837,3.61214,6.40776,,,
1540586260.433835,3.61214,6.40776,,,
1540586260.528645,3.61192,6.40802,,,
1540586260.6294603,3.61192,6.40802,,,
1540586260.7309008,3.61192,6.40802,,,
1540586260.8333282,3.61177,6.40802,,,
1540586260.9307764,3.61177,6.40854,,,
1540586261.0413017,3.61177,6.40854,,,
1540586261.1382213,3.61154,6.40854,,,
1540586261.2537384,3.61154,6.4088,0,0,0
1540586261.3527544,3.61154,6.4088,,,
1540586261.4315426,3.61154,6.4088,,,
1540586261.5312352,3.61139,6.40904,,,
1540586261.639422,3.61139,6.40904,,,
1540586261.7479637,3.61139,6.40904,,,
1540586261.8339317,3.61116,6.40904,,,
1540586261.9315073,3.61116,6.40956,,,
1540586262.029239,3.61116,6.40956,,,
1540586262.1439052,3.61093,6.40956,,,
1540586262.2327373,3.61093,6.40982,0,0,0
1540586262.3358247,3.61093,6.40982,,,
1540586262.4314027,3.61093,6.40982,,,
1540586262.552797,3.61078,6.41008,,,
1540586262.6547449,3.61078,6.41008,,,
1540586262.7280831,3.61078,6.41008,,,
1540586262.831294,3.61055,6.41008,,,
1540586262.9436188,3.61055,6.4106,,,
1540586263.0521991,3.61055,6.4106,,,
1540586263.1366286,3.61032,6.4106,,,
1540586263.238163,3.61032,6.41084,0,0,0
1540586263.348318,3.61032,6.41084,,,
1540586263.442482,3.61032,6.41084,,,
1540586263.536398,3.61017,6.4111,,,
1540586263.6362364,3.61017,6.4111,,,
1540586263.7366345,3.61017,6.4111,,,
1540586263.8597772,3.60995,6.41162,,,
1540586263.9349263,3.60995,6.41162,,,
1540586264.036441,3.60995,6.41162,,,
1540586264.1353998,3.60995,6.41162,,,
1540586264.252911,3.60973,6.41188,0,0,0
1540586264.355718,3.60973,6.41188,,,
1540586264.4358842,3.60973,6.41188,,,
1540586264.5341663,3.60957,6.41214,,,
1540586264.6414888,3.60957,6.41214,,,
1540586264.7487433,3.60957,6.41214,,,
1540586264.835816,3.60934,6.41214,,,
1540586264.9357092,3.60934,6.41264,,,
1540586265.0370517,3.60934,6.41264,,,
1540586265.1394477,3.60934,6.41264,,,
1540586265.237165,3.60919,6.4129,0,0,0
1540586265.3351896,3.60919,6.4129,,,
1540586265.4385664,3.60919,6.4129,,,
1540586265.5602672,3.60896,6.41316,,,
1540586265.659675,3.60896,6.41316,,,
1540586265.7379184,3.60896,6.41316,,,
1540586265.841242,3.60873,6.41316,,,
1540586265.950086,3.60873,6.41368,,,
1540586266.049099,3.60873,6.41368,,,
1540586266.139017,3.60873,6.41368,,,
1540586266.238792,3.60858,6.41394,0,0,0
1540586266.3435435,3.60858,6.41394,,,
1540586266.4644058,3.60858,6.41394,,,
1540586266.5409186,3.60835,6.4142,,,
1540586266.639145,3.60835,6.4142,,,
1540586266.7408133,3.60835,6.4142,,,
1540586266.866523,3.6082,6.4142,,,
1540586266.9397824,3.6082,6.4147,,,
1540586267.041794,3.6082,6.4147,,,
1540586267.1443882,3.6082,6.4147,,,
1540586267.2549179,3.60799,6.41496,0,0,0
1540586267.3630426,3.60799,6.41496,,,
1540586267.4427905,3.60799,6.41496,,,
1540586267.5432453,3.60776,6.41522,,,
1540586267.6484356,3.60776,6.41522,,,
1540586267.7564187,3.60776,6.41522,,,
1540586267.8489838,3.6076,6.41522,,,
1540586267.940172,3.6076,6.41548,,,
1540586268.0455406,3.6076,6.41548,,,
1540586268.1553311,3.6076,6.41548,,,
1540586268.2403865,3.60738,6.416,0,0,0
1540586268.3409345,3.60738,6.416,,,
1540586268.4499686,3.60738,6.416,,,
1540586268.548498,3.60722,6.416,,,
1540586268.6399782,3.60722,6.416,,,
1540586268.740578,3.60722,6.416,,,
1540586268.8408024,3.60699,6.416,,,
1540586268.9472914,3.60699,6.41676,,,
1540586269.0463383,3.60699,6.41676,,,
1540586269.1415434,3.60699,6.41676,,,
1540586269.2404711,3.60677,6.41728,0,0,0
1540586269.3826127,3.60677,6.41728,,,
1540586269.4752421,3.60677,6.41728,,,
1540586269.5451436,3.60654,6.4178,,,
1540586269.6424675,3.60654,6.4178,,,
1540586269.76046,3.60654,6.4178,,,
1540586269.8621194,3.60638,6.4178,,,
1540586269.9483464,3.60638,6.41805,,,
1540586270.0452244,3.60638,6.41805,,,
1540586270.148521,3.60638,6.41805,,,
1540586270.2617412,3.60616,6.41856,0,0,0
1540586270.3491724,3.60616,6.41856,,,
1540586270.4514167,3.60616,6.41856,,,
1540586270.556034,3.60602,6.41882,,,
1540586270.6612394,3.60602,6.41882,,,
1540586270.7482688,3.60602,6.41882,,,
1540586270.8502645,3.60579,6.41882,,,
1540586270.9538295,3.60579,6.41908,,,
1540586271.0562863,3.60579,6.41908,,,
1540586271.147354,3.60579,6.41908,0,0,0
1540586271.250818,3.60556,6.4196,,,
1540586271.3484976,3.60556,6.4196,,,
1540586271.4544208,3.60556,6.4196,,,
1540586271.553687,3.60541,6.4196,,,
1540586271.6658354,3.60541,6.41985,,,
1540586271.7570488,3.60541,6.41985,,,
1540586271.85465,3.60518,6.41985,,,
1540586271.94853,3.60518,6.4201,,,
1540586272.0472457,3.60518,6.4201,,,
1540586272.1514804,3.60518,6.4201,,,
1540586272.2647743,3.60495,6.42062,0,0,0
1540586272.3709702,3.60495,6.42062,,,
1540586272.4529061,3.60495,6.42062,,,
1540586272.5518696,3.60472,6.42062,,,
1540586272.6567342,3.60472,6.42088,,,
1540586272.7659507,3.60472,6.42088,,,
1540586272.8502913,3.60457,6.42088,,,
1540586272.9460342,3.60457,6.42114,,,
1540586273.0566225,3.60457,6.42114,,,
1540586273.161073,3.60457,6.42114,0,0,0
1540586273.2524118,3.60434,6.42165,,,
1540586273.3484018,3.60434,6.42165,,,
1540586273.4500132,3.60434,6.42165,,,
1540586273.5515535,3.60413,6.42165,,,
1540586273.650373,3.60413,6.42191,,,
1540586273.7503748,3.60413,6.42191,,,
1540586273.849214,3.60413,6.42191,,,
1540586273.9708729,3.60397,6.42216,,,
1540586274.074877,3.60397,6.42216,,,
1540586274.1573403,3.60397,6.42216,0,0,0
1540586274.2569413,3.60374,6.42268,,,
1540586274.3612423,3.60374,6.42268,,,
1540586274.4692893,3.60374,6.42268,,,
1540586274.5550513,3.60352,6.42268,,,
1540586274.6534634,3.60352,6.42294,,,
1540586274.7656112,3.60352,6.42294,,,
1540586274.8739367,3.60336,6.42294,,,
1540586274.9532816,3.60336,6.4232,,,
1540586275.0503387,3.60336,6.4232,,,
1540586275.1553147,3.60336,6.4232,,,
1540586275.282877,3.60313,6.42371,0,0,0
1540586275.360211,3.60313,6.42371,,,
1540586275.4570892,3.60313,6.42371,,,
1540586275.5549877,3.60291,6.42371,,,
1540586275.6782224,3.60291,6.42397,,,
1540586275.786395,3.60291,6.42397,,,
1540586275.8554182,3.60291,6.42397,,,
1540586275.9526834,3.60275,6.42422,,,
1540586276.0697792,3.60275,6.42422,,,
1540586276.1778905,3.60275,6.42422,0,0,0
1540586276.2554827,3.60252,6.42474,,,
1540586276.354282,3.60252,6.42474,,,
1540586276.460503,3.60252,6.42474,,,
1540586276.573332,3.60231,6.42474,,,
1540586276.6595256,3.60231,6.425,,,
1540586276.7607572,3.60231,6.425,,,
1540586276.8596644,3.60231,6.425,,,
1540586276.9614143,3.60216,6.42551,,,
1540586277.0609562,3.60216,6.42551,,,
1540586277.1599772,3.60216,6.42551,0,0,0
1540586277.2587037,3.60193,6.42577,,,
1540586277.3842995,3.60193,6.42577,,,
1540586277.4842238,3.60193,6.42577,,,
1540586277.5572374,3.6017,6.42577,,,
1540586277.656327,3.6017,6.42654,,,
1540586277.7664337,3.6017,6.42654,,,
1540586277.8768454,3.60147,6.42654,,,
1540586277.9580967,3.60147,6.42705,,,
1540586278.0565407,3.60147,6.42705,,,
1540586278.1673248,3.60147,6.42705,0,0,0
1540586278.2647755,3.60132,6.42731,,,
1540586278.359932,3.60132,6.42731,,,
1540586278.4596202,3.60132,6.42731,,,
1540586278.5625303,3.60109,6.42731,,,
1540586278.6904786,3.60109,6.42757,,,
1540586278.7870224,3.60109,6.42757,,,
1540586278.8630507,3.60109,6.42757,,,
1540586278.961427,3.60086,6.42809,,,
1540586279.0737765,3.60086,6.42809,,,
1540586279.180706,3.60086,6.42809,0,0,0
1540586279.2633903,3.60071,6.42834,,,
1540586279.3597784,3.60071,6.42834,,,
1540586279.465938,3.60071,6.42834,,,
1540586279.5875735,3.60048,6.42834,,,
1540586279.6715593,3.60048,6.4286,,,
1540586279.7596283,3.60048,6.4286,,,
1540586279.8632681,3.60048,6.4286,,,
1540586279.964775,3.60027,6.42911,,,
1540586280.0681255,3.60027,6.42911,,,
1540586280.163558,3.60027,6.42911,0,0,0
1540586280.2637124,3.60004,6.42937,,,
1540586280.377516,3.60004,6.42937,,,
1540586280.4833753,3.60004,6.42937,,,
1540586280.566588,3.59988,6.42937,,,
1540586280.6642325,3.59988,6.42963,,,
1540586280.769277,3.59988,6.42963,,,
1540586280.8686635,3.59988,6.42963,,,
1540586280.9659655,3.59966,6.43015,,,
1540586281.0667052,3.59966,6.43015,,,
1540586281.1654105,3.59966,6.43015,0,0,0
1540586281.2947855,3.59943,6.4304,,,
1540586281.398429,3.59943,6.4304,,,
1540586281.4700606,3.59943,6.4304,,,
1540586281.566494,3.59927,6.4304,,,
1540586281.68448,3.59927,6.43066,,,
1540586281.8027034,3.59927,6.43066,,,
1540586281.8813322,3.59927,6.43066,,,
1540586281.9665685,3.59904,6.43117,,,
1540586282.083128,3.59904,6.43117,,,
1540586282.1878002,3.59904,6.43117,0,0,0
1540586282.273277,3.59882,6.43117,,,
1540586282.3714192,3.59882,6.43143,,,
1540586282.483256,3.59882,6.43143,,,
1540586282.5647633,3.59859,6.43143,,,
1540586282.6706915,3.59859,6.43195,,,
1540586282.76862,3.59859,6.43195,,,
1540586282.8730392,3.59859,6.43195,,,
1540586282.9856305,3.59845,6.43221,,,
1540586283.0754585,3.59845,6.43221,,,
1540586283.1693118,3.59845,6.43221,0,0,0
1540586283.2686684,3.59822,6.43221,,,
1540586283.3727095,3.59822,6.43246,,,
1540586283.4747708,3.59822,6.43246,,,
1540586283.570389,3.59807,6.43246,,,
1540586283.6659398,3.59807,6.43271,,,
1540586283.7852528,3.59807,6.43271,,,
1540586283.89311,3.59807,6.43271,,,
1540586283.9730966,3.59784,6.43323,,,
1540586284.0702755,3.59784,6.43323,,,
1540586284.1757224,3.59784,6.43323,0,0,0
1540586284.2821078,3.59761,6.43323,,,
1540586284.3706677,3.59761,6.43349,,,
1540586284.470769,3.59761,6.43349,,,
1540586284.5728397,3.59738,6.43349,,,
1540586284.6745093,3.59738,6.43401,,,
1540586284.7811866,3.59738,6.43401,,,
1540586284.8754044,3.59738,6.43401,,,
1540586284.9716277,3.59723,6.43451,,,
1540586285.0860124,3.59723,6.43451,,,
1540586285.1920934,3.59723,6.43451,0,0,0
1540586285.2750077,3.597,6.43451,,,
1540586285.3742206,3.597,6.43503,,,
1540586285.4948351,3.597,6.43503,,,
1540586285.5785809,3.59677,6.43503,,,
1540586285.672587,3.59677,6.43555,,,
1540586285.772339,3.59677,6.43555,,,
1540586285.8747187,3.59677,6.43555,,,
1540586285.9772441,3.59654,6.43581,,,
1540586286.0748193,3.59654,6.43581,,,
1540586286.1719344,3.59654,6.43581,0,0,0
1540586286.2944727,3.59641,6.43581,,,
1540586286.395649,3.59641,6.43631,,,
1540586286.5014303,3.59641,6.43631,,,
1540586286.5745358,3.59618,6.43631,,,
1540586286.6730232,3.59618,6.43657,,,
1540586286.7851484,3.59618,6.43657,,,
1540586286.892041,3.59618,6.43657,,,
1540586286.9764996,3.59595,6.43709,,,
1540586287.0743973,3.59595,6.43709,,,
1540586287.1801002,3.59595,6.43709,0,0,0
1540586287.2892892,3.59572,6.43709,,,
1540586287.380827,3.59572,6.43735,,,
1540586287.4760294,3.59572,6.43735,,,
1540586287.575619,3.59572,6.43735,,,
1540586287.6818302,3.59557,6.43761,,,
1540586287.775278,3.59557,6.43761,,,
1540586287.876304,3.59557,6.43761,,,
1540586287.9753208,3.59534,6.43811,,,
1540586288.1006305,3.59534,6.43811,,,
1540586288.2041717,3.59534,6.43811,0,0,0
1540586288.284639,3.59511,6.43811,,,
1540586288.377077,3.59511,6.43837,,,
1540586288.5149052,3.59511,6.43837,,,
1540586288.5991228,3.59488,6.43837,,,
1540586288.6779897,3.59488,6.43863,,,
1540586288.777474,3.59488,6.43863,,,
1540586288.878828,3.59488,6.43863,,,
1540586288.9851325,3.59473,6.43915,,,
1540586289.085255,3.59473,6.43915,,,
1540586289.180803,3.59473,6.43915,0,0,0
1540586289.278066,3.59451,6.43915,,,
1540586289.4062068,3.59451,6.43941,,,
1540586289.4846642,3.59451,6.43941,,,
1540586289.579244,3.59451,6.43941,,,
1540586289.6786435,3.59428,6.43967,,,
1540586289.7940443,3.59428,6.43967,,,
1540586289.8990927,3.59428,6.43967,,,
1540586289.9808886,3.59413,6.44017,,,
1540586290.0799963,3.59413,6.44017,,,
1540586290.1867275,3.59413,6.44017,0,0,0
1540586290.288674,3.5939,6.44017,,,
1540586290.3820107,3.5939,6.44043,,,
1540586290.4798217,3.5939,6.44043,,,
1540586290.5823789,3.5939,6.44043,,,
1540586290.6833067,3.59367,6.44069,,,
1540586290.7836864,3.59367,6.44069,,,
1540586290.8809218,3.59367,6.44069,,,
1540586290.979817,3.59344,6.44121,,,
1540586291.0950434,3.59344,6.44121,,,
1540586291.1835766,3.59344,6.44121,0,0,0
1540586291.2849762,3.59329,6.44121,,,
1540586291.4117153,3.59329,6.44147,,,
1540586291.4953458,3.59329,6.44147,,,
1540586291.603693,3.59306,6.44147,,,
1540586291.6842344,3.59306,6.44197,,,
1540586291.7815452,3.59306,6.44197,,,
1540586291.887361,3.59306,6.44197,,,
1540586291.9915228,3.59283,6.44223,,,
1540586292.0833077,3.59283,6.44223,,,
1540586292.1823864,3.59283,6.44223,0,0,0
1540586292.285605,3.59262,6.44223,,,
1540586292.3889632,3.59262,6.44249,,,
1540586292.48564,3.59262,6.44249,,,
1540586292.5839345,3.59262,6.44249,,,
1540586292.6867187,3.59247,6.44301,,,
1540586292.8078,3.59247,6.44301,,,
1540586292.9117274,3.59247,6.44301,,,
1540586292.9894755,3.59224,6.44327,,,
1540586293.091117,3.59224,6.44327,,,
1540586293.1992617,3.59224,6.44327,0,0,0
1540586293.3065283,3.59201,6.44327,,,
1540586293.3925464,3.59201,6.44403,,,
1540586293.4901276,3.59201,6.44403,,,
1540586293.5947359,3.59201,6.44403,,,
1540586293.6953669,3.59178,6.44455,,,
1540586293.7887251,3.59178,6.44455,,,
1540586293.8888037,3.59178,6.44455,,,
1540586293.9886222,3.59155,6.44481,,,
1540586294.093797,3.59155,6.44481,,,
1540586294.1869094,3.59155,6.44481,0,0,0
1540586294.2879293,3.59132,6.44481,,,
1540586294.3921998,3.59132,6.44531,,,
1540586294.5090642,3.59132,6.44531,,,
1540586294.6140187,3.59117,6.44531,,,
1540586294.6908882,3.59117,6.44583,,,
1540586294.7920396,3.59117,6.44583,,,
1540586294.8972392,3.59117,6.44583,,,
1540586295.0081334,3.59094,6.44583,,,
1540586295.090677,3.59094,6.44583,,,
1540586295.1960118,3.59094,6.44583,0,0,0
1540586295.2894776,3.59073,6.44583,,,
1540586295.3945103,3.59073,6.44635,,,
1540586295.4900286,3.59073,6.44635,,,
1540586295.5877888,3.59073,6.44635,,,
1540586295.6924067,3.5905,6.44687,,,
1540586295.814381,3.5905,6.44687,,,
1540586295.9179068,3.5905,6.44687,,,
1540586295.993877,3.59027,6.44687,,,
1540586296.0986369,3.59027,6.44687,,,
1540586296.206066,3.59027,6.44687,0,0,0
1540586296.3086333,3.59012,6.44687,,,
1540586296.3953996,3.59012,6.44737,,,
1540586296.4943187,3.59012,6.44737,,,
1540586296.5958283,3.59012,6.44737,,,
1540586296.7008183,3.58989,6.44789,,,
1540586296.8010316,3.58989,6.44789,,,
1540586296.8990083,3.58989,6.44789,,,
1540586296.9954445,3.58966,6.44789,,,
1540586297.1367564,3.58966,6.44815,,,
1540586297.222882,3.58966,6.44815,0,0,0
1540586297.296786,3.58943,6.44815,,,
1540586297.3956583,3.58943,6.44841,,,
1540586297.5046003,3.58943,6.44841,,,
1540586297.6141849,3.58943,6.44841,,,
1540586297.7008252,3.58928,6.44891,,,
1540586297.798368,3.58928,6.44891,,,
1540586297.9047432,3.58928,6.44891,,,
1540586298.0127997,3.58905,6.44891,,,
1540586298.0970585,3.58905,6.44917,,,
1540586298.1937141,3.58905,6.44917,0,0,0
1540586298.3100617,3.58884,6.44917,,,
1540586298.413712,3.58884,6.44969,,,
1540586298.4991016,3.58884,6.44969,,,
1540586298.5986412,3.58884,6.44969,,,
1540586298.7101269,3.58861,6.44995,,,
1540586298.8081868,3.58861,6.44995,,,
1540586298.9063601,3.58861,6.44995,,,
1540586299.0028868,3.58846,6.44995,,,
1540586299.1057992,3.58846,6.44995,,,
1540586299.23087,3.58846,6.44995,0,0,0
1540586299.330294,3.58823,6.44995,,,
1540586299.4044645,3.58823,6.45071,,,
1540586299.5026758,3.58823,6.45071,,,
1540586299.6157854,3.58823,6.45071,,,
1540586299.7130926,3.588,6.45097,,,
1540586299.8048844,3.588,6.45097,,,
1540586299.904086,3.588,6.45097,,,
1540586300.0101986,3.58777,6.45097,,,
1540586300.1070337,3.58777,6.45123,,,
1540586300.206248,3.58777,6.45123,0,0,0
1540586300.3027718,3.58777,6.45123,,,
1540586300.4070673,3.58762,6.45175,,,
1540586300.5254452,3.58762,6.45175,,,
1540586300.6031287,3.58762,6.45175,,,
1540586300.702795,3.58739,6.45201,,,
1540586300.8049626,3.58739,6.45201,,,
1540586300.9141035,3.58739,6.45201,,,
1540586301.019036,3.58716,6.45201,,,
1540586301.105662,3.58716,6.45227,,,
1540586301.2065668,3.58716,6.45227,0,0,0
1540586301.3099,3.58716,6.45227,,,
1540586301.4061,3.58693,6.45277,,,
1540586301.5038154,3.58693,6.45277,,,
1540586301.603438,3.58693,6.45277,,,
1540586301.703698,3.58672,6.45303,,,
1540586301.8211794,3.58672,6.45303,,,
1540586301.926592,3.58672,6.45303,,,
1540586302.0062263,3.58656,6.45303,,,
1540586302.1070945,3.58656,6.45355,,,
1540586302.2432432,3.58656,6.45355,0,0,0
1540586302.3275669,3.58633,6.45355,,,
1540586302.4086149,3.58633,6.45407,,,
1540586302.5122726,3.58633,6.45407,,,
1540586302.6217537,3.58633,6.45407,,,
1540586302.722536,3.58611,6.45407,,,
1540586302.810199,3.58611,6.45407,,,
1540586302.9078906,3.58611,6.45407,,,
1540586303.009802,3.58595,6.45407,,,
1540586303.1099217,3.58595,6.45432,,,
1540586303.206182,3.58595,6.45432,0,0,0
1540586303.305968,3.58595,6.45432,,,
1540586303.406151,3.58572,6.45509,,,
1540586303.527914,3.58572,6.45509,,,
1540586303.6352465,3.58572,6.45509,,,
1540586303.7108424,3.58549,6.45509,,,
1540586303.8082714,3.58549,6.45509,,,
1540586303.9158611,3.58549,6.45509,,,
1540586304.023179,3.58527,6.45509,,,
1540586304.111084,3.58527,6.45561,,,
1540586304.2106855,3.58527,6.45561,0,0,0
1540586304.3144963,3.58527,6.45561,,,
1540586304.415668,3.58504,6.45638,,,
1540586304.5112453,3.58504,6.45638,,,
1540586304.6113553,3.58504,6.45638,,,
1540586304.7161372,3.58482,6.45689,,,
1540586304.833992,3.58482,6.45689,,,
1540586304.9361022,3.58482,6.45689,,,
1540586305.0151386,3.58459,6.45689,,,
1540586305.1160479,3.58459,6.45715,,,
1540586305.224231,3.58459,6.45715,0,0,0
1540586305.328114,3.58444,6.45715,,,
1540586305.4144247,3.58444,6.45767,,,
1540586305.512496,3.58444,6.45767,,,
1540586305.6109698,3.58444,6.45767,,,
1540586305.716728,3.58421,6.45792,,,
1540586305.8252838,3.58421,6.45792,,,
1540586305.9213364,3.58421,6.45792,,,
1540586306.0144336,3.58398,6.45792,,,
1540586306.1319938,3.58398,6.45818,,,
1540586306.2353213,3.58398,6.45818,0,0,0
1540586306.3158672,3.58398,6.45818,,,
1540586306.416173,3.58376,6.45869,,,
1540586306.5209715,3.58376,6.45869,,,
1540586306.6280873,3.58376,6.45869,,,
1540586306.7191198,3.58353,6.45895,,,
1540586306.8192916,3.58353,6.45895,,,
1540586306.9208186,3.58353,6.45895,,,
1540586307.0199506,3.58337,6.45895,,,
1540586307.1181662,3.58337,6.45947,,,
1540586307.2214866,3.58337,6.45947,0,0,0
1540586307.3150952,3.58337,6.45947,,,
1540586307.4382803,3.58315,6.45972,,,
1540586307.5165138,3.58315,6.45972,,,
1540586307.6147518,3.58315,6.45972,,,
1540586307.7184248,3.58293,6.45972,,,
1540586307.82725,3.58293,6.46024,,,
1540586307.9334877,3.58293,6.46024,,,
1540586308.018643,3.5827,6.46024,,,
1540586308.1162417,3.5827,6.46049,,,
1540586308.2207773,3.5827,6.46049,0,0,0
1540586308.3309016,3.5827,6.46049,,,
1540586308.4149523,3.58247,6.46075,,,
1540586308.513584,3.58247,6.46075,,,
1540586308.6134295,3.58247,6.46075,,,
1540586308.7300625,3.58224,6.46075,,,
1540586308.853251,3.58224,6.46127,,,
1540586308.9288168,3.58224,6.46127,,,
1540586309.0163388,3.58209,6.46127,,,
1540586309.137521,3.58209,6.46152,,,
1540586309.243171,3.58209,6.46152,0,0,0
1540586309.333584,3.58209,6.46152,,,
1540586309.4269395,3.58186,6.46204,,,
1540586309.5283003,3.58186,6.46204,,,
1540586309.638097,3.58186,6.46204,,,
1540586309.7266219,3.58163,6.46204,,,
1540586309.8223238,3.58163,6.4623,,,
1540586309.921637,3.58163,6.4623,,,
1540586310.0267634,3.58141,6.4623,,,
1540586310.1267598,3.58141,6.46281,,,
1540586310.2218778,3.58141,6.46281,0,0,0
1540586310.3176942,3.58141,6.46281,,,
1540586310.445513,3.58118,6.46307,,,
1540586310.5306106,3.58118,6.46307,,,
1540586310.6217422,3.58118,6.46307,,,
1540586310.72217,3.58104,6.46307,,,
1540586310.8390398,3.58104,6.46358,,,
1540586310.948953,3.58104,6.46358,,,
1540586311.0239577,3.58081,6.46358,,,
1540586311.1249526,3.58081,6.46384,,,
1540586311.2329156,3.58081,6.46384,0,0,0
1540586311.34105,3.58081,6.46384,,,
1540586311.4302588,3.58058,6.4641,,,
1540586311.5278313,3.58058,6.4641,,,
1540586311.6312232,3.58058,6.4641,,,
1540586311.7308009,3.58035,6.4641,,,
1540586311.8261037,3.58035,6.46461,,,
1540586311.9282837,3.58035,6.46461,,,
1540586312.0286102,3.58012,6.46461,,,
1540586312.1485107,3.58012,6.46487,,,
1540586312.2520654,3.58012,6.46487,0,0,0
1540586312.3321416,3.58012,6.46487,,,
1540586312.4279144,3.5799,6.46538,,,
1540586312.540554,3.5799,6.46538,,,
1540586312.6449065,3.5799,6.46538,,,
1540586312.7364993,3.57974,6.46538,,,
1540586312.8301842,3.57974,6.46564,,,
1540586312.9314227,3.57974,6.46564,,,
1540586313.0408657,3.57951,6.46564,,,
1540586313.135663,3.57951,6.4659,,,
1540586313.2293496,3.57951,6.4659,0,0,0
1540586313.3349094,3.57951,6.4659,,,
1540586313.439617,3.57928,6.46642,,,
1540586313.531474,3.57928,6.46642,,,
1540586313.6311338,3.57928,6.46642,,,
1540586313.7281864,3.57907,6.46642,,,
1540586313.8750625,3.57907,6.46667,,,
1540586313.9584143,3.57907,6.46667,,,
1540586314.036893,3.57884,6.46667,,,
1540586314.131802,3.57884,6.46718,,,
1540586314.24429,3.57884,6.46718,0,0,0
1540586314.346978,3.57884,6.46718,,,
1540586314.4430397,3.57861,6.4677,,,
1540586314.5354931,3.57861,6.4677,,,
1540586314.6447744,3.57861,6.4677,,,
1540586314.739802,3.57838,6.4677,,,
1540586314.8378217,3.57838,6.46822,,,
1540586314.9358072,3.57838,6.46822,,,
1540586315.0383978,3.57823,6.46822,,,
1540586315.1370268,3.57823,6.46872,,,
1540586315.3181763,3.57823,6.46872,,,
1540586315.4786923,3.54198,8.40128,,,
1540586315.6556494,3.54198,8.40128,,,
1540586315.8144188,3.51518,9.42967,,,
1540586315.989889,3.51518,9.42967,,,
1540586316.1489718,3.51337,9.43405,,,
1540586316.3125222,3.51337,9.43405,,,
1540586316.4732122,3.51193,9.4379,,,
1540586316.6298835,3.51193,9.4379,,,
1540586316.7920465,3.51064,9.44125,,,
1540586316.8910458,3.51064,9.44125,0,0,0
1540586316.9961226,3.51064,9.44125,0,0,0
1540586317.097926,3.54773,9.44125,,,
1540586317.1880262,3.54773,7.41017,0,0,0
1540586317.2845516,3.54773,7.41017,,,
1540586317.388409,3.57143,7.41017,,,
1540586317.4987974,3.57143,6.48108,,,
1540586317.5989165,3.57143,6.48108,,,
1540586317.6973817,3.57143,6.48108,,,
1540586317.7937667,3.5721,6.47978,,,
1540586317.8967805,3.5721,6.47978,,,
1540586317.9952185,3.5721,6.47978,,,
1540586318.0910332,3.57233,6.47978,,,
1540586318.1916237,3.57233,6.47902,0,0,0
1540586318.3083076,3.57233,6.47902,,,
1540586318.4111493,3.57248,6.47902,,,
1540586318.497323,3.57248,6.47902,,,
1540586318.5951724,3.57248,6.47902,,,
1540586318.706669,3.57248,6.47902,,,
1540586318.8073068,3.57248,6.47876,,,
1540586318.900971,3.57248,6.47876,,,
1540586318.9967713,3.57248,6.47876,,,
1540586319.101885,3.5724,6.47876,,,
1540586319.2056298,3.5724,6.47902,0,0,0
1540586319.2920542,3.5724,6.47902,,,
1540586319.388853,3.5724,6.47902,,,
1540586319.4988604,3.5724,6.47902,,,
1540586319.6054287,3.5724,6.47902,,,
1540586319.6959698,3.5724,6.47902,,,
1540586319.790675,3.57233,6.47928,,,
1540586319.897037,3.57233,6.47928,,,
1540586320.0028074,3.57233,6.47928,,,
1540586320.094608,3.57217,6.47928,,,
1540586320.18889,3.57217,6.47952,0,0,0
1540586320.2964406,3.57217,6.47952,,,
1540586320.3962164,3.57202,6.47952,,,
1540586320.4905,3.57202,6.47978,,,
1540586320.5890393,3.57202,6.47978,,,
1540586320.6895173,3.57202,6.47978,,,
1540586320.7939444,3.57195,6.4803,,,
1540586320.8902493,3.57195,6.4803,,,
1540586320.9934452,3.57195,6.4803,,,
1540586321.1004806,3.57179,6.4803,,,
1540586321.20957,3.57179,6.48082,0,0,0
1540586321.3102906,3.57179,6.48082,,,
1540586321.3997054,3.57179,6.48082,,,
1540586321.4944546,3.57164,6.48082,,,
1540586321.6059816,3.57164,6.48082,,,
1540586321.7103345,3.57164,6.48082,,,
1540586321.7980537,3.5715,6.48082,,,
1540586321.894831,3.5715,6.48082,,,
1540586322.009808,3.5715,6.48082,,,
1540586322.1071947,3.57135,6.48082,,,
1540586322.200155,3.57135,6.48132,0,0,0
1540586322.2945895,3.57135,6.48132,,,
1540586322.4033558,3.57135,6.48132,,,
1540586322.509127,3.5712,6.48158,,,
1540586322.5987377,3.5712,6.48158,,,
1540586322.6956675,3.5712,6.48158,,,
1540586322.7958188,3.57097,6.48184,,,
1540586322.897625,3.57097,6.48184,,,
1540586322.9906461,3.57097,6.48184,,,
1540586323.099416,3.57082,6.48184,,,
1540586323.1963139,3.57082,6.4821,0,0,0
1540586323.2944736,3.57082,6.4821,,,
1540586323.3963358,3.57082,6.4821,,,
1540586323.4960446,3.57066,6.48262,,,
1540586323.5967228,3.57066,6.48262,,,
1540586323.7028377,3.57066,6.48262,,,
1540586323.8153756,3.57051,6.48288,,,
1540586323.8907185,3.57051,6.48288,,,
1540586323.9894202,3.57051,6.48288,,,
1540586324.1072109,3.57028,6.48288,,,
1540586324.206735,3.57028,6.48288,0,0,0
1540586324.298066,3.57028,6.48288,,,
1540586324.3984025,3.57028,6.48288,,,
1540586324.4926991,3.57013,6.48338,,,
1540586324.612796,3.57013,6.48338,,,
1540586324.6964638,3.57013,6.48338,,,
1540586324.7962465,3.5699,6.48338,,,
1540586324.9000645,3.5699,6.4839,,,
1540586324.99048,3.5699,6.4839,,,
1540586325.1001487,3.56967,6.4839,,,
1540586325.2011945,3.56967,6.48416,0,0,0
1540586325.3110056,3.56967,6.48416,,,
1540586325.4396055,3.56953,6.48416,,,
1540586325.5154397,3.56953,6.48442,,,
1540586325.605778,3.56953,6.48442,,,
1540586325.7066517,3.56953,6.48442,,,
1540586325.804261,3.56931,6.48442,,,
1540586325.9054127,3.56931,6.48468,,,
1540586326.0016363,3.56931,6.48468,,,
1540586326.1014516,3.56915,6.48468,,,
1540586326.2029467,3.56915,6.48492,0,0,0
1540586326.3237412,3.56915,6.48492,,,
1540586326.4243543,3.56892,6.48492,,,
1540586326.508591,3.56892,6.48518,,,
1540586326.6082168,3.56892,6.48518,,,
1540586326.7153213,3.56892,6.48518,,,
1540586326.8235047,3.56877,6.48518,,,
1540586326.9105532,3.56877,6.4857,,,
1540586327.0130231,3.56877,6.4857,,,
1540586327.1155741,3.56862,6.4857,,,
1540586327.2150445,3.56862,6.48596,0,0,0
1540586327.3102465,3.56862,6.48596,,,
1540586327.410465,3.56862,6.48596,,,
1540586327.509252,3.56839,6.48622,,,
1540586327.607832,3.56839,6.48622,,,
1540586327.7081516,3.56839,6.48622,,,
1540586327.8078294,3.56816,6.48622,,,
1540586327.9099748,3.56816,6.48672,,,
1540586328.0269227,3.56816,6.48672,,,
1540586328.1281254,3.56801,6.48672,,,
1540586328.2058337,3.56801,6.48698,0,0,0
1540586328.305706,3.56801,6.48698,,,
1540586328.4156725,3.56801,6.48698,,,
1540586328.5232227,3.56778,6.48724,,,
1540586328.6142123,3.56778,6.48724,,,
1540586328.7185783,3.56778,6.48724,,,
1540586328.820021,3.56764,6.48776,,,
1540586328.9201887,3.56764,6.48776,,,
1540586329.0131893,3.56764,6.48776,,,
1540586329.1160204,3.56741,6.48776,,,
1540586329.2118175,3.56741,6.48802,0,0,0
1540586329.3091,3.56741,6.48802,,,
1540586329.4136496,3.56741,6.48802,,,
1540586329.5094485,3.56726,6.48828,,,
1540586329.6095245,3.56726,6.48828,,,
1540586329.7338898,3.56726,6.48828,,,
1540586329.8296623,3.56703,6.48828,,,
1540586329.9198816,3.56703,6.48878,,,
1540586330.0192387,3.56703,6.48878,,,
1540586330.1169808,3.5668,6.48878,,,
1540586330.2167463,3.5668,6.48904,0,0,0
1540586330.31844,3.5668,6.48904,,,
1540586330.4169528,3.5668,6.48904,,,
1540586330.5138407,3.56665,6.4893,,,
1540586330.6101043,3.56665,6.4893,,,
1540586330.714558,3.56665,6.4893,,,
1540586330.8158731,3.56642,6.4893,,,
1540586330.9145753,3.56642,6.48982,,,
1540586331.0272539,3.56642,6.48982,,,
1540586331.1294262,3.56627,6.48982,,,
1540586331.2184966,3.56627,6.49008,0,0,0
1540586331.3164003,3.56627,6.49008,,,
1540586331.4153135,3.56627,6.49008,,,
1540586331.51609,3.56604,6.49033,,,
1540586331.6161227,3.56604,6.49033,,,
1540586331.7164295,3.56604,6.49033,,,
1540586331.8160658,3.56581,6.49033,,,
1540586331.9371557,3.56581,6.49084,,,
1540586332.0378206,3.56581,6.49084,,,
1540586332.120343,3.56581,6.49084,,,
1540586332.2186007,3.5656,6.49162,0,0,0
1540586332.3255792,3.5656,6.49162,,,
1540586332.4281647,3.5656,6.49162,,,
1540586332.5224867,3.56544,6.49188,,,
1540586332.618781,3.56544,6.49188,,,
1540586332.7198143,3.56544,6.49188,,,
1540586332.8260083,3.56522,6.49188,,,
1540586332.9212022,3.56522,6.49239,,,
1540586333.0185668,3.56522,6.49239,,,
1540586333.1220467,3.56522,6.49239,,,
1540586333.2235312,3.56499,6.49265,0,0,0
1540586333.3197002,3.56499,6.49265,,,
1540586333.4161038,3.56499,6.49265,,,
1540586333.5164313,3.56476,6.4929,,,
1540586333.6124933,3.56476,6.4929,,,
1540586333.7216573,3.56476,6.4929,,,
1540586333.8251102,3.56461,6.4929,,,
1540586333.9205542,3.56461,6.49342,,,
1540586334.0328305,3.56461,6.49342,,,
1540586334.1306612,3.56438,6.49342,,,
1540586334.224916,3.56438,6.49368,0,0,0
1540586334.323041,3.56438,6.49368,,,
1540586334.422783,3.56438,6.49368,,,
1540586334.5227878,3.56415,6.49393,,,
1540586334.6243243,3.56415,6.49393,,,
1540586334.7247994,3.56415,6.49393,,,
1540586334.825033,3.564,6.49393,,,
1540586334.9453492,3.564,6.49445,,,
1540586335.044913,3.564,6.49445,,,
1540586335.1246085,3.564,6.49445,,,
1540586335.2220175,3.56378,6.49471,0,0,0
1540586335.3270802,3.56378,6.49471,,,
1540586335.4369972,3.56378,6.49471,,,
1540586335.5240455,3.56355,6.49522,,,
1540586335.6215959,3.56355,6.49522,,,
1540586335.7281928,3.56355,6.49522,,,
1540586335.8345032,3.56332,6.49522,,,
1540586335.9283211,3.56332,6.49548,,,
1540586336.0231557,3.56332,6.49548,,,
1540586336.117351,3.56332,6.49548,,,
1540586336.226474,3.5631,6.49573,0,0,0
1540586336.3228376,3.5631,6.49573,,,
1540586336.4202182,3.5631,6.49573,,,
1540586336.520483,3.56294,6.49625,,,
1540586336.6445422,3.56294,6.49625,,,
1540586336.7481134,3.56294,6.49625,,,
1540586336.8279061,3.56271,6.49625,,,
1540586336.9232886,3.56271,6.49651,,,
1540586337.0303338,3.56271,6.49651,,,
1540586337.1408694,3.56248,6.49651,,,
1540586337.2345762,3.56248,6.49702,0,0,0
1540586337.327329,3.56248,6.49702,,,
1540586337.4264963,3.56248,6.49702,,,
1540586337.5353684,3.56226,6.49753,,,
1540586337.6337156,3.56226,6.49753,,,
1540586337.7343924,3.56226,6.49753,,,
1540586337.8315089,3.5621,6.49753,,,
1540586337.952541,3.5621,6.49831,,,
1540586338.054744,3.5621,6.49831,,,
1540586338.1378703,3.5621,6.49831,0,0,0
1540586338.2371125,3.56189,6.49831,,,
1540586338.3468032,3.56189,6.49831,,,
1540586338.4506495,3.56189,6.49831,,,
1540586338.5349014,3.56166,6.49883,,,
1540586338.6323376,3.56166,6.49883,,,
1540586338.7372825,3.56166,6.49883,,,
1540586338.8439035,3.56143,6.49883,,,
1540586338.9315705,3.56143,6.49934,,,
1540586339.032776,3.56143,6.49934,,,
1540586339.129774,3.56143,6.49934,,,
1540586339.241974,3.5612,6.49934,0,0,0
1540586339.3402662,3.5612,6.49934,,,
1540586339.4359972,3.5612,6.49934,,,
1540586339.5309308,3.56105,6.49985,,,
1540586339.6523688,3.56105,6.49985,,,
1540586339.758366,3.56105,6.49985,,,
1540586339.840729,3.56082,6.49985,,,
1540586339.9382937,3.56082,6.50037,,,
1540586340.0505872,3.56082,6.50037,,,
1540586340.1549168,3.56082,6.50037,,,
1540586340.2420623,3.56059,6.50063,0,0,0
1540586340.3386676,3.56059,6.50063,,,
1540586340.4501586,3.56059,6.50063,,,
1540586340.5505457,3.56036,6.50063,,,
1540586340.6449924,3.56036,6.50089,,,
1540586340.7408714,3.56036,6.50089,,,
1540586340.8414998,3.56013,6.50089,,,
1540586340.941983,3.56013,6.50139,,,
1540586341.0442913,3.56013,6.50139,,,
1540586341.1390414,3.56013,6.50139,,,
1540586341.2344236,3.56,6.50165,0,0,0
1540586341.3369782,3.56,6.50165,,,
1540586341.4407544,3.56,6.50165,,,
1540586341.5375056,3.55977,6.50165,,,
1540586341.634283,3.55977,6.50243,,,
1540586341.753234,3.55977,6.50243,,,
1540586341.8568408,3.55954,6.50243,,,
1540586341.9454894,3.55954,6.50294,,,
1540586342.0405428,3.55954,6.50294,,,
1540586342.14755,3.55954,6.50294,,,
1540586342.2573454,3.55931,6.50345,0,0,0
1540586342.3458152,3.55931,6.50345,,,
1540586342.4425151,3.55931,6.50345,,,
1540586342.5484018,3.55908,6.50371,,,
1540586342.6543496,3.55908,6.50371,,,
1540586342.745916,3.55908,6.50371,,,
1540586342.843326,3.55885,6.50371,,,
1540586342.9426856,3.55885,6.50423,,,
1540586343.052953,3.55885,6.50423,,,
1540586343.150518,3.55885,6.50423,,,
1540586343.246307,3.5587,6.50449,0,0,0
1540586343.3380537,3.5587,6.50449,,,
1540586343.4462361,3.5587,6.50449,,,
1540586343.546487,3.55847,6.50449,,,
1540586343.6424923,3.55847,6.50475,,,
1540586343.7401066,3.55847,6.50475,,,
1540586343.890964,3.55824,6.50475,,,
1540586343.9678395,3.55824,6.50525,,,
1540586344.0550098,3.55824,6.50525,,,
1540586344.1496947,3.55824,6.50525,0,0,0
1540586344.2518754,3.55803,6.50551,,,
1540586344.3530178,3.55803,6.50551,,,
1540586344.4480922,3.55803,6.50551,,,
1540586344.5473394,3.5578,6.50551,,,
1540586344.6424587,3.5578,6.50603,,,
1540586344.771043,3.5578,6.50603,,,
1540586344.872908,3.55757,6.50603,,,
1540586344.9576197,3.55757,6.50629,,,
1540586345.0527487,3.55757,6.50629,,,
1540586345.1652179,3.55757,6.50629,,,
1540586345.268757,3.55734,6.50655,0,0,0
1540586345.3623564,3.55734,6.50655,,,
1540586345.4618454,3.55734,6.50655,,,
1540586345.5633109,3.55719,6.50705,,,
1540586345.6649415,3.55719,6.50705,,,
1540586345.7625494,3.55719,6.50705,,,
1540586345.8635163,3.55696,6.50705,,,
1540586345.9589908,3.55696,6.50731,,,
1540586346.08171,3.55696,6.50731,,,
1540586346.1846857,3.55673,6.50731,0,0,0
1540586346.2767541,3.55673,6.50783,,,
1540586346.364038,3.55673,6.50783,,,
1540586346.478045,3.55673,6.50783,,,
1540586346.586645,3.5565,6.50783,,,
1540586346.6752055,3.5565,6.50809,,,
1540586346.7665994,3.5565,6.50809,,,
1540586346.8773549,3.55627,6.50809,,,
1540586346.9821994,3.55627,6.50859,,,
1540586347.0687623,3.55627,6.50859,,,
1540586347.164237,3.55627,6.50859,0,0,0
1540586347.2743905,3.55606,6.50885,,,
1540586347.380054,3.55606,6.50885,,,
1540586347.4680054,3.55606,6.50885,,,
1540586347.5635037,3.55583,6.50885,,,
1540586347.667693,3.55583,6.50911,,,
1540586347.768225,3.55583,6.50911,,,
1540586347.8666923,3.5556,6.50911,,,
1540586347.9664185,3.5556,6.50963,,,
1540586348.071418,3.5556,6.50963,,,
1540586348.190704,3.5556,6.50963,0,0,0
1540586348.2859757,3.55537,6.50989,,,
1540586348.3702235,3.55537,6.50989,,,
1540586348.4691775,3.55537,6.50989,,,
1540586348.577177,3.55515,6.51039,,,
1540586348.6779745,3.55515,6.51039,,,
1540586348.7724888,3.55515,6.51039,,,
1540586348.8738317,3.55499,6.51039,,,
1540586348.976231,3.55499,6.51065,,,
1540586349.0753632,3.55499,6.51065,,,
1540586349.1719003,3.55499,6.51065,0,0,0
1540586349.272624,3.55476,6.51117,,,
1540586349.372748,3.55476,6.51117,,,
1540586349.4725285,3.55476,6.51117,,,
1540586349.5735931,3.55453,6.51117,,,
1540586349.672754,3.55453,6.51143,,,
1540586349.7729788,3.55453,6.51143,,,
1540586349.8805778,3.55431,6.51143,,,
1540586349.9898248,3.55431,6.51195,,,
1540586350.0767014,3.55431,6.51195,,,
1540586350.1740956,3.55431,6.51195,0,0,0
1540586350.282628,3.55409,6.51219,,,
1540586350.3849409,3.55409,6.51219,,,
1540586350.477991,3.55409,6.51219,,,
1540586350.5765228,3.55386,6.51219,,,
1540586350.677367,3.55386,6.51271,,,
1540586350.780834,3.55386,6.51271,,,
1540586350.8764694,3.55363,6.51271,,,
1540586350.9763937,3.55363,6.51297,,,
1540586351.077841,3.55363,6.51297,,,
1540586351.178919,3.55363,6.51297,0,0,0
1540586351.279669,3.55341,6.51349,,,
1540586351.3793633,3.55341,6.51349,,,
1540586351.476576,3.55341,6.51349,,,
1540586351.5866156,3.55318,6.51349,,,
1540586351.694941,3.55318,6.51425,,,
1540586351.784176,3.55318,6.51425,,,
1540586351.875043,3.55318,6.51425,,,
1540586351.9830344,3.55295,6.51477,,,
1540586352.0888214,3.55295,6.51477,,,
1540586352.1795673,3.55295,6.51477,0,0,0
1540586352.2765558,3.55272,6.51503,,,
1540586352.3779218,3.55272,6.51503,,,
1540586352.4773426,3.55272,6.51503,,,
1540586352.5769491,3.55249,6.51503,,,
1540586352.6762674,3.55249,6.51555,,,
1540586352.7732205,3.55249,6.51555,,,
1540586352.8741548,3.55249,6.51555,,,
1540586352.9952528,3.55234,6.51579,,,
1540586353.080277,3.55234,6.51579,,,
1540586353.180527,3.55234,6.51579,0,0,0
1540586353.2861135,3.55212,6.51605,,,
1540586353.3917642,3.55212,6.51605,,,
1540586353.4793289,3.55212,6.51605,,,
1540586353.575391,3.5519,6.51605,,,
1540586353.6841059,3.5519,6.51657,,,
1540586353.7906308,3.5519,6.51657,,,
1540586353.881131,3.5519,6.51657,,,
1540586353.9798183,3.55167,6.51683,,,
1540586354.0875263,3.55167,6.51683,,,
1540586354.193244,3.55167,6.51683,0,0,0
1540586354.2833986,3.55144,6.51735,,,
1540586354.3798606,3.55144,6.51735,,,
1540586354.4843214,3.55144,6.51735,,,
1540586354.5810127,3.55121,6.51735,,,
1540586354.6806192,3.55121,6.51785,,,
1540586354.781309,3.55121,6.51785,,,
1540586354.8789396,3.55121,6.51785,,,
1540586354.9774616,3.55098,6.51863,,,
1540586355.0817,3.55098,6.51863,,,
1540586355.1829958,3.55098,6.51863,0,0,0
1540586355.279388,3.55075,6.51889,,,
1540586355.3896348,3.55075,6.51889,,,
1540586355.4982493,3.55075,6.51889,,,
1540586355.583289,3.55052,6.51889,,,
1540586355.681403,3.55052,6.51939,,,
1540586355.7925131,3.55052,6.51939,,,
1540586355.892433,3.55031,6.51939,,,
1540586355.9878597,3.55031,6.51965,,,
1540586356.0843759,3.55031,6.51965,,,
1540586356.1887314,3.55031,6.51965,0,0,0
1540586356.2879653,3.55008,6.52017,,,
1540586356.3914886,3.55008,6.52017,,,
1540586356.4865913,3.55008,6.52017,,,
1540586356.5880492,3.54985,6.52017,,,
1540586356.687099,3.54985,6.52043,,,
1540586356.8066874,3.54985,6.52043,,,
1540586356.8872957,3.54985,6.52043,,,
1540586356.9863746,3.54962,6.52095,,,
1540586357.098923,3.54962,6.52095,,,
1540586357.2057185,3.54962,6.52095,0,0,0
1540586357.2916071,3.54939,6.52119,,,
1540586357.3901343,3.54939,6.52119,,,
1540586357.5008996,3.54939,6.52119,,,
1540586357.6034522,3.54916,6.52119,,,
1540586357.6896906,3.54916,6.52171,,,
1540586357.7878306,3.54916,6.52171,,,
1540586357.9004583,3.54916,6.52171,,,
1540586357.9972463,3.54893,6.52197,,,
1540586358.0983272,3.54893,6.52197,,,
1540586358.1928103,3.54893,6.52197,0,0,0
1540586358.2891877,3.54878,6.52249,,,
1540586358.38661,3.54878,6.52249,,,
1540586358.4868374,3.54878,6.52249,,,
1540586358.5851722,3.54848,6.52249,,,
1540586358.6844575,3.54848,6.52275,,,
1540586358.7862914,3.54848,6.52275,,,
1540586358.9058583,3.54834,6.52275,,,
1540586358.9890623,3.54834,6.52299,,,
1540586359.0849183,3.54834,6.52299,,,
1540586359.195027,3.54834,6.52299,0,0,0
1540586359.300174,3.54803,6.52299,,,
1540586359.3927836,3.54803,6.52351,,,
1540586359.489175,3.54803,6.52351,,,
1540586359.5951128,3.54781,6.52351,,,
1540586359.7051504,3.54781,6.52377,,,
1540586359.789505,3.54781,6.52377,,,
1540586359.8872375,3.54781,6.52377,,,
1540586359.9973679,3.54765,6.52429,,,
1540586360.100462,3.54765,6.52429,,,
1540586360.1900759,3.54765,6.52429,0,0,0
1540586360.290938,3.54742,6.52429,,,
1540586360.3863668,3.54742,6.52455,,,
1540586360.4883068,3.54742,6.52455,,,
1540586360.5893354,3.5472,6.52455,,,
1540586360.691197,3.5472,6.52505,,,
1540586360.789335,3.5472,6.52505,,,
1540586360.9061944,3.5472,6.52505,,,
1540586361.0124495,3.54697,6.52531,,,
1540586361.1034565,3.54697,6.52531,,,
1540586361.1978772,3.54697,6.52531,0,0,0
1540586361.3026133,3.54674,6.52583,,,
1540586361.407319,3.54674,6.52583,,,
1540586361.4925961,3.54674,6.52583,,,
1540586361.5919323,3.54652,6.52583,,,
1540586361.697497,3.54652,6.5266,,,
1540586361.8062906,3.54652,6.5266,,,
1540586361.896166,3.54652,6.5266,,,
1540586361.9957783,3.5463,6.52711,,,
1540586362.1048367,3.5463,6.52711,,,
1540586362.199222,3.5463,6.52711,0,0,0
1540586362.2984638,3.54607,6.52711,,,
1540586362.3979414,3.54607,6.52737,,,
1540586362.4973776,3.54607,6.52737,,,
1540586362.5950832,3.54584,6.52737,,,
1540586362.6945877,3.54584,6.52789,,,
1540586362.795218,3.54584,6.52789,,,
1540586362.8944466,3.54584,6.52789,,,
1540586363.0089428,3.54561,6.52815,,,
1540586363.1084864,3.54561,6.52815,,,
1540586363.2043304,3.54561,6.52815,0,0,0
1540586363.3004377,3.54538,6.52815,,,
1540586363.3975198,3.54538,6.52866,,,
1540586363.4968762,3.54538,6.52866,,,
1540586363.5963185,3.54538,6.52866,,,
1540586363.6981504,3.54515,6.52917,,,
1540586363.7952197,3.54515,6.52917,,,
1540586363.8966215,3.54515,6.52917,,,
1540586363.9966967,3.54492,6.52943,,,
1540586364.097891,3.54492,6.52943,,,
1540586364.195347,3.54492,6.52943,0,0,0
1540586364.3068259,3.54469,6.52943,,,
1540586364.4137704,3.54469,6.52969,,,
1540586364.5024514,3.54469,6.52969,,,
1540586364.601034,3.54469,6.52969,,,
1540586364.7082314,3.54448,6.5302,,,
1540586364.8091855,3.54448,6.5302,,,
1540586364.8993628,3.54448,6.5302,,,
1540586364.9990962,3.54425,6.53046,,,
1540586365.0957363,3.54425,6.53046,,,
1540586365.19638,3.54425,6.53046,0,0,0
1540586365.3038206,3.54402,6.53046,,,
1540586365.3979104,3.54402,6.53098,,,
1540586365.4993565,3.54402,6.53098,,,
1540586365.6196551,3.54379,6.53098,,,
1540586365.7205608,3.54379,6.53123,,,
1540586365.803392,3.54379,6.53123,,,
1540586365.9003515,3.54379,6.53123,,,
1540586366.0060346,3.54356,6.53149,,,
1540586366.1144507,3.54356,6.53149,,,
1540586366.2005427,3.54356,6.53149,0,0,0
1540586366.2982025,3.54333,6.53149,,,
1540586366.4062138,3.54333,6.53226,,,
1540586366.5126984,3.54333,6.53226,,,
1540586366.6025543,3.54333,6.53226,,,
1540586366.7001977,3.54311,6.53304,,,
1540586366.8083255,3.54311,6.53304,,,
1540586366.908376,3.54311,6.53304,,,
1540586367.005331,3.54288,6.53329,,,
1540586367.1042671,3.54288,6.53329,,,
1540586367.2018118,3.54288,6.53329,0,0,0
1540586367.3050785,3.54266,6.53329,,,
1540586367.4057982,3.54266,6.53355,,,
1540586367.504823,3.54266,6.53355,,,
1540586367.6010108,3.54266,6.53355,,,
1540586367.7147038,3.54243,6.53406,,,
1540586367.8195453,3.54243,6.53406,,,
1540586367.9105604,3.54243,6.53406,,,
1540586368.0055497,3.54221,6.53432,,,
1540586368.1065958,3.54221,6.53432,,,
1540586368.2090244,3.54221,6.53432,0,0,0
1540586368.3040433,3.54198,6.53432,,,
1540586368.4057112,3.54198,6.53484,,,
1540586368.5032973,3.54198,6.53484,,,
1540586368.6050315,3.54198,6.53484,,,
1540586368.7054057,3.54175,6.5351,,,
1540586368.804785,3.54175,6.5351,,,
1540586368.9042754,3.54175,6.5351,,,
1540586369.024757,3.54152,6.5356,,,
1540586369.125196,3.54152,6.5356,,,
1540586369.2093985,3.54152,6.5356,0,0,0
1540586369.3077075,3.54129,6.5356,,,
1540586369.4138603,3.54129,6.53586,,,
1540586369.5156806,3.54129,6.53586,,,
1540586369.6111357,3.54129,6.53586,,,
1540586369.709427,3.54106,6.53638,,,
1540586369.808216,3.54106,6.53638,,,
1540586369.9134786,3.54106,6.53638,,,
1540586370.0124652,3.54077,6.53638,,,
1540586370.1088512,3.54077,6.5369,,,
1540586370.2083254,3.54077,6.5369,0,0,0
1540586370.3257296,3.54054,6.5369,,,
1540586370.4249563,3.54054,6.53716,,,
1540586370.510866,3.54054,6.53716,,,
1540586370.6102948,3.54054,6.53716,,,
1540586370.7244892,3.54031,6.53766,,,
1540586370.8239777,3.54031,6.53766,,,
1540586370.912459,3.54031,6.53766,,,
1540586371.0097952,3.54008,6.53766,,,
1540586371.1093056,3.54008,6.53792,,,
1540586371.2126176,3.54008,6.53792,0,0,0
1540586371.3128288,3.53986,6.53792,,,
1540586371.4132144,3.53986,6.5387,,,
1540586371.5130193,3.53986,6.5387,,,
1540586371.6286762,3.53986,6.5387,,,
1540586371.72948,3.53963,6.5392,,,
1540586371.820685,3.53963,6.5392,,,
1540586371.9141765,3.53963,6.5392,,,
1540586372.025844,3.5394,6.53946,,,
1540586372.1242065,3.5394,6.53946,,,
1540586372.2148252,3.5394,6.53946,0,0,0
1540586372.3127754,3.53917,6.53946,,,
1540586372.4163325,3.53917,6.53998,,,
1540586372.516233,3.53917,6.53998,,,
1540586372.6166205,3.53917,6.53998,,,
1540586372.7138553,3.53894,6.5405,,,
1540586372.8137703,3.53894,6.5405,,,
1540586372.9178264,3.53894,6.5405,,,
1540586373.0159352,3.53873,6.5405,,,
1540586373.1135912,3.53873,6.54076,,,
1540586373.2151291,3.53873,6.54076,0,0,0
1540586373.328512,3.5385,6.54076,,,
1540586373.4288378,3.5385,6.54126,,,
1540586373.51836,3.5385,6.54126,,,
1540586373.617663,3.5385,6.54126,,,
1540586373.7204473,3.53827,6.54152,,,
1540586373.8255095,3.53827,6.54152,,,
1540586373.919057,3.53827,6.54152,,,
1540586374.013434,3.53804,6.54152,,,
1540586374.1196635,3.53804,6.54204,,,
1540586374.2194104,3.53804,6.54204,0,0,0
1540586374.3158255,3.53781,6.54204,,,
1540586374.4150553,3.53781,6.54256,,,
1540586374.5145354,3.53781,6.54256,,,
1540586374.6169872,3.53781,6.54256,,,
1540586374.716818,3.53758,6.54256,,,
1540586374.8147922,3.53758,6.54256,,,
1540586374.915285,3.53758,6.54256,,,
1540586375.0319948,3.53735,6.54306,,,
1540586375.1321518,3.53735,6.54306,,,
1540586375.2182608,3.53735,6.54306,0,0,0
1540586375.3192236,3.53735,6.54306,,,
1540586375.4247453,3.53712,6.54358,,,
1540586375.5294802,3.53712,6.54358,,,
1540586375.618503,3.53712,6.54358,,,
1540586375.714347,3.53691,6.54384,,,
1540586375.8213227,3.53691,6.54384,,,
1540586375.9244668,3.53691,6.54384,,,
1540586376.0186472,3.53668,6.54384,,,
1540586376.1171436,3.53668,6.54436,,,
1540586376.219499,3.53668,6.54436,0,0,0
1540586376.3213456,3.53668,6.54436,,,
1540586376.4196188,3.53645,6.5446,,,
1540586376.5185196,3.53645,6.5446,,,
1540586376.6192346,3.53645,6.5446,,,
1540586376.736984,3.53622,6.54512,,,
1540586376.8375692,3.53622,6.54512,,,
1540586376.9201334,3.53622,6.54512,,,
1540586377.0204835,3.536,6.54512,,,
1540586377.1269913,3.536,6.5459,,,
1540586377.2308426,3.536,6.5459,0,0,0
1540586377.3220885,3.536,6.5459,,,
1540586377.4191117,3.53569,6.5464,,,
1540586377.52293,3.53569,6.5464,,,
1540586377.6252122,3.53569,6.5464,,,
1540586377.7211158,3.53546,6.54692,,,
1540586377.8191426,3.53546,6.54692,,,
1540586377.9187324,3.53546,6.54692,,,
1540586378.021108,3.53523,6.54692,,,
1540586378.1224742,3.53523,6.54718,,,
1540586378.222828,3.53523,6.54718,0,0,0
1540586378.3212729,3.53523,6.54718,,,
1540586378.4346385,3.53502,6.5477,,,
1540586378.5372376,3.53502,6.5477,,,
1540586378.6221216,3.53502,6.5477,,,
1540586378.7193723,3.53479,6.54796,,,
1540586378.8264484,3.53479,6.54796,,,
1540586378.9354343,3.53479,6.54796,,,
1540586379.0221884,3.53464,6.54796,,,
1540586379.120543,3.53464,6.5482,,,
1540586379.227744,3.53464,6.5482,0,0,0
1540586379.3328607,3.53464,6.5482,,,
1540586379.4264727,3.53433,6.54872,,,
1540586379.5259624,3.53433,6.54872,,,
1540586379.6249723,3.53433,6.54872,,,
1540586379.727257,3.5341,6.54924,,,
1540586379.8271382,3.5341,6.54924,,,
1540586379.9252675,3.5341,6.54924,,,
1540586380.0211165,3.53387,6.54924,,,
1540586380.1347394,3.53387,6.54976,,,
1540586380.2408264,3.53387,6.54976,0,0,0
1540586380.3318503,3.53387,6.54976,,,
1540586380.4282992,3.53365,6.55052,,,
1540586380.5294638,3.53365,6.55052,,,
1540586380.6299353,3.53365,6.55052,,,
1540586380.7269926,3.53342,6.55052,,,
1540586380.8261175,3.53342,6.55078,,,
1540586380.9267983,3.53342,6.55078,,,
1540586381.026492,3.53319,6.55078,,,
1540586381.1289098,3.53319,6.5513,,,
1540586381.2283347,3.53319,6.5513,0,0,0
1540586381.3250012,3.53319,6.5513,,,
1540586381.4350817,3.53297,6.5518,,,
1540586381.5423994,3.53297,6.5518,,,
1540586381.6301668,3.53297,6.5518,,,
1540586381.7260094,3.53275,6.5518,,,
1540586381.8319435,3.53275,6.5518,,,
1540586381.939665,3.53275,6.5518,,,
1540586382.0298736,3.53252,6.5518,,,
1540586382.1265323,3.53252,6.55232,,,
1540586382.2342918,3.53252,6.55232,0,0,0
1540586382.3345635,3.53252,6.55232,,,
1540586382.4271753,3.53229,6.55284,,,
1540586382.5265443,3.53229,6.55284,,,
1540586382.625534,3.53229,6.55284,,,
1540586382.727781,3.53206,6.55284,,,
1540586382.827683,3.53206,6.5531,,,
1540586382.9280787,3.53206,6.5531,,,
1540586383.0273318,3.53183,6.5531,,,
1540586383.1482322,3.53183,6.5536,,,
1540586383.2520838,3.53183,6.5536,0,0,0
1540586383.3340068,3.53183,6.5536,,,
1540586383.430515,3.5316,6.55386,,,
1540586383.5367084,3.5316,6.55386,,,
1540586383.642804,3.5316,6.55386,,,
1540586383.7304938,3.53137,6.55386,,,
1540586383.8295293,3.53137,6.55438,,,
1540586383.9355955,3.53137,6.55438,,,
1540586384.0367515,3.53116,6.55438,,,
1540586384.1334476,3.53116,6.5549,,,
1540586384.2305453,3.53116,6.5549,0,0,0
1540586384.3272927,3.53116,6.5549,,,
1540586384.4342766,3.53085,6.55516,,,
1540586384.532664,3.53085,6.55516,,,
1540586384.6290772,3.53085,6.55516,,,
1540586384.7282906,3.53062,6.55516,,,
1540586384.840978,3.53062,6.55566,,,
1540586384.9470758,3.53062,6.55566,,,
1540586385.0373428,3.5304,6.55566,,,
1540586385.1329277,3.5304,6.55592,,,
1540586385.241489,3.5304,6.55592,0,0,0
1540586385.3465624,3.5304,6.55592,,,
1540586385.4353127,3.53017,6.55644,,,
1540586385.5323448,3.53017,6.55644,,,
1540586385.6304722,3.53017,6.55644,,,
1540586385.7335043,3.52994,6.55644,,,
1540586385.8304207,3.52994,6.55696,,,
1540586385.932637,3.52994,6.55696,,,
1540586386.0314417,3.52994,6.55696,,,
1540586386.15127,3.52971,6.55696,,,
1540586386.260067,3.52971,6.55696,0,0,0
1540586386.3412204,3.52971,6.55696,,,
1540586386.4358442,3.52948,6.55772,,,
1540586386.5456488,3.52948,6.55772,,,
1540586386.6507943,3.52948,6.55772,,,
1540586386.739069,3.52925,6.55772,,,
1540586386.8350773,3.52925,6.5585,,,
1540586386.9465659,3.52925,6.5585,,,
1540586387.0521271,3.52904,6.5585,,,
1540586387.1409678,3.52904,6.55876,,,
1540586387.2383122,3.52904,6.55876,0,0,0
1540586387.3402863,3.52904,6.55876,,,
1540586387.4388926,3.52873,6.55927,,,
1540586387.5422988,3.52873,6.55927,,,
1540586387.6391878,3.52873,6.55927,,,
1540586387.7348392,3.5285,6.55927,,,
1540586387.8562417,3.5285,6.55978,,,
1540586387.9601192,3.5285,6.55978,,,
1540586388.0454133,3.52827,6.55978,,,
1540586388.1387753,3.52827,6.56004,,,
1540586388.2486067,3.52827,6.56004,0,0,0
1540586388.353931,3.52827,6.56004,,,
1540586388.440663,3.52805,6.56056,,,
1540586388.5382297,3.52805,6.56056,,,
1540586388.646266,3.52805,6.56056,,,
1540586388.7533758,3.52782,6.56056,,,
1540586388.8452682,3.52782,6.56081,,,
1540586388.939792,3.52782,6.56081,,,
1540586389.0370038,3.52782,6.56081,,,
1540586389.1412516,3.52759,6.56133,,,
1540586389.242205,3.52759,6.56133,0,0,0
1540586389.3390565,3.52759,6.56133,,,
1540586389.4406679,3.52736,6.56184,,,
1540586389.5607984,3.52736,6.56184,,,
1540586389.6668127,3.52736,6.56184,,,
1540586389.7481766,3.52715,6.56184,,,
1540586389.8447585,3.52715,6.56261,,,
1540586389.9795153,3.52715,6.56261,,,
1540586390.0614681,3.52692,6.56261,,,
1540586390.150734,3.52692,6.56313,0,0,0
1540586390.24559,3.52692,6.56313,,,
1540586390.3493056,3.52692,6.56313,,,
1540586390.4516993,3.52669,6.56339,,,
1540586390.55345,3.52669,6.56339,,,
1540586390.6471817,3.52669,6.56339,,,
1540586390.767736,3.52638,6.56339,,,
1540586390.854042,3.52638,6.5639,,,
1540586390.9725409,3.52638,6.5639,,,
1540586391.0506694,3.52638,6.5639,,,
1540586391.1491895,3.52615,6.56416,,,
1540586391.262751,3.52615,6.56416,0,0,0
1540586391.3617291,3.52615,6.56416,,,
1540586391.4572294,3.52592,6.56441,,,
1540586391.5547752,3.52592,6.56441,,,
1540586391.653286,3.52592,6.56441,,,
1540586391.7498598,3.5257,6.56441,,,
1540586391.8519971,3.5257,6.56493,,,
1540586391.9514964,3.5257,6.56493,,,
1540586392.052058,3.5257,6.56493,,,
1540586392.171134,3.52547,6.56519,,,
1540586392.2701452,3.52547,6.56519,0,0,0
1540586392.3551075,3.52547,6.56519,,,
1540586392.450413,3.52525,6.5657,,,
1540586392.5586216,3.52525,6.5657,,,
1540586392.6658516,3.52525,6.5657,,,
1540586392.7569146,3.52502,6.5657,,,
1540586392.8552804,3.52502,6.56621,,,
1540586392.960468,3.52502,6.56621,,,
1540586393.0617874,3.52502,6.56621,,,
1540586393.1577415,3.5248,6.56647,0,0,0
1540586393.2568707,3.5248,6.56647,,,
1540586393.3572133,3.5248,6.56647,,,
1540586393.4546206,3.52457,6.56699,,,
1540586393.5577445,3.52457,6.56699,,,
1540586393.658287,3.52457,6.56699,,,
1540586393.7549198,3.52434,6.56699,,,
1540586393.866802,3.52434,6.56725,,,
1540586393.9733574,3.52434,6.56725,,,
1540586394.0604692,3.52434,6.56725,,,
1540586394.1570623,3.52411,6.56776,0,0,0
1540586394.2633152,3.52411,6.56776,,,
1540586394.3659708,3.52411,6.56776,,,
1540586394.4612525,3.52388,6.56827,,,
1540586394.5573392,3.52388,6.56827,,,
1540586394.658207,3.52388,6.56827,,,
1540586394.761393,3.52365,6.56827,,,
1540586394.8627195,3.52365,6.56853,,,
1540586394.9609396,3.52365,6.56853,,,
1540586395.0592916,3.52365,6.56853,,,
1540586395.1764107,3.52336,6.56931,0,0,0
1540586395.279084,3.52336,6.56931,,,
1540586395.3600996,3.52336,6.56931,,,
1540586395.4570913,3.52313,6.56982,,,
1540586395.5652869,3.52313,6.56982,,,
1540586395.6738448,3.52313,6.56982,,,
1540586395.7623713,3.5229,6.56982,,,
1540586395.860598,3.5229,6.57033,,,
1540586395.968404,3.5229,6.57033,,,
1540586396.076104,3.5229,6.57033,,,
1540586396.1636128,3.52267,6.57085,0,0,0
1540586396.2624068,3.52267,6.57085,,,
1540586396.3705568,3.52267,6.57085,,,
1540586396.4699097,3.52245,6.57085,,,
1540586396.5648644,3.52245,6.57111,,,
1540586396.6648366,3.52245,6.57111,,,
1540586396.7650566,3.52222,6.57111,,,
1540586396.8627274,3.52222,6.57162,,,
1540586396.9662197,3.52222,6.57162,,,
1540586397.0654666,3.52222,6.57162,,,
1540586397.1634061,3.52191,6.57187,0,0,0
1540586397.280286,3.52191,6.57187,,,
1540586397.387181,3.52191,6.57187,,,
1540586397.471263,3.52168,6.57187,,,
1540586397.566225,3.52168,6.57239,,,
1540586397.6772547,3.52168,6.57239,,,
1540586397.7758207,3.52147,6.57239,,,
1540586397.8693352,3.52147,6.57265,,,
1540586397.9655712,3.52147,6.57265,,,
1540586398.068913,3.52147,6.57265,,,
1540586398.1715584,3.52124,6.57343,0,0,0
1540586398.2685978,3.52124,6.57343,,,
1540586398.3684742,3.52124,6.57343,,,
1540586398.4690273,3.52101,6.57343,,,
1540586398.5688894,3.52101,6.57419,,,
1540586398.6689427,3.52101,6.57419,,,
1540586398.7690837,3.52078,6.57419,,,
1540586398.8652377,3.52078,6.57445,,,
1540586398.981815,3.52078,6.57445,,,
1540586399.0837905,3.52078,6.57445,,,
1540586399.168387,3.52055,6.57471,0,0,0
1540586399.2683458,3.52055,6.57471,,,
1540586399.3730254,3.52055,6.57471,,,
1540586399.4840217,3.52025,6.57471,,,
1540586399.5716658,3.52025,6.57547,,,
1540586399.6721537,3.52025,6.57547,,,
1540586399.772136,3.52002,6.57547,,,
1540586399.872029,3.52002,6.57547,,,
1540586399.9716027,3.52002,6.57547,,,
1540586400.071186,3.52002,6.57547,,,
1540586400.172392,3.51979,6.57599,0,0,0
1540586400.2885554,3.51979,6.57599,,,
1540586400.3888068,3.51979,6.57599,,,
1540586400.4715874,3.51958,6.57599,,,
1540586400.5692544,3.51958,6.57651,,,
1540586400.6765635,3.51958,6.57651,,,
1540586400.7855742,3.51935,6.57651,,,
1540586400.875672,3.51935,6.57677,,,
1540586400.971591,3.51935,6.57677,,,
1540586401.0801973,3.51935,6.57677,,,
1540586401.178631,3.51912,6.57727,0,0,0
1540586401.2738016,3.51912,6.57727,,,
1540586401.3748765,3.51912,6.57727,,,
1540586401.4707894,3.51889,6.57727,,,
1540586401.5730133,3.51889,6.57753,,,
1540586401.6735446,3.51889,6.57753,,,
1540586401.7736576,3.51889,6.57753,,,
1540586401.8703585,3.51866,6.57805,,,
1540586401.9814854,3.51866,6.57805,,,
1540586402.08826,3.51866,6.57805,,,
1540586402.1759212,3.51843,6.57857,0,0,0
1540586402.271333,3.51843,6.57857,,,
1540586402.3738425,3.51843,6.57857,,,
1540586402.4770815,3.5182,6.57857,,,
1540586402.573787,3.5182,6.57883,,,
1540586402.6719422,3.5182,6.57883,,,
1540586402.7729173,3.5182,6.57883,,,
1540586402.8727953,3.51797,6.57933,,,
1540586402.973568,3.51797,6.57933,,,
1540586403.0733507,3.51797,6.57933,,,
1540586403.1746194,3.51768,6.57959,0,0,0
1540586403.2835393,3.51768,6.57959,,,
1540586403.3892803,3.51768,6.57959,,,
1540586403.4845624,3.51746,6.57959,,,
1540586403.5785046,3.51746,6.58011,,,
1540586403.6758957,3.51746,6.58011,,,
1540586403.778148,3.51746,6.58011,,,
1540586403.8759105,3.51723,6.58087,,,
1540586403.9774997,3.51723,6.58087,,,
1540586404.0756354,3.51723,6.58087,,,
1540586404.19353,3.517,6.58139,0,0,0
1540586404.293883,3.517,6.58139,,,
1540586404.3780594,3.517,6.58139,,,
1540586404.472307,3.51677,6.58139,,,
1540586404.5818481,3.51677,6.58191,,,
1540586404.691594,3.51677,6.58191,,,
1540586404.7782476,3.51677,6.58191,,,
1540586404.875286,3.51646,6.58217,,,
1540586404.983059,3.51646,6.58217,,,
1540586405.0893366,3.51646,6.58217,,,
1540586405.1784563,3.51624,6.58267,0,0,0
1540586405.2773178,3.51624,6.58267,,,
1540586405.3864336,3.51624,6.58267,,,
1540586405.4938812,3.51601,6.58267,,,
1540586405.5843928,3.51601,6.58293,,,
1540586405.6790574,3.51601,6.58293,,,
1540586405.7850065,3.51601,6.58293,,,
1540586405.8905709,3.51579,6.58345,,,
1540586405.9846437,3.51579,6.58345,,,
1540586406.0807836,3.51579,6.58345,,,
1540586406.1834319,3.51556,6.58371,0,0,0
1540586406.2832427,3.51556,6.58371,,,
1540586406.3804312,3.51556,6.58371,,,
1540586406.481167,3.51534,6.58371,,,
1540586406.5814204,3.51534,6.58423,,,
1540586406.6859145,3.51534,6.58423,,,
1540586406.7887554,3.51534,6.58423,,,
1540586406.8895082,3.51511,6.58473,,,
1540586406.9887333,3.51511,6.58473,,,
1540586407.0984883,3.51511,6.58473,,,
1540586407.2010026,3.51488,6.58499,0,0,0
1540586407.289757,3.51488,6.58499,,,
1540586407.3873827,3.51488,6.58499,,,
1540586407.4900305,3.51457,6.58499,,,
1540586407.5923657,3.51457,6.58551,,,
1540586407.6906805,3.51457,6.58551,,,
1540586407.7898555,3.51457,6.58551,,,
1540586407.8881333,3.51434,6.58653,,,
1540586407.9892418,3.51434,6.58653,,,
1540586408.090027,3.51434,6.58653,,,
1540586408.1891572,3.51411,6.58679,0,0,0
1540586408.2863822,3.51411,6.58679,,,
1540586408.4013836,3.51411,6.58679,,,
1540586408.5082989,3.51389,6.58679,,,
1540586408.5981255,3.51389,6.58705,,,
1540586408.6959486,3.51389,6.58705,,,
1540586408.79979,3.51389,6.58705,,,
1540586408.896944,3.51367,6.58783,,,
1540586408.991986,3.51367,6.58783,,,
1540586409.0882223,3.51367,6.58783,,,
1540586409.1833684,3.51344,6.58783,0,0,0
1540586409.2967422,3.51344,6.58783,,,
1540586409.3990881,3.51344,6.58783,,,
1540586409.4960785,3.51314,6.58783,,,
1540586409.594068,3.51314,6.58833,,,
1540586409.7060943,3.51314,6.58833,,,
1540586409.81044,3.51314,6.58833,,,
1540586409.8997715,3.51291,6.58885,,,
1540586409.9951675,3.51291,6.58885,,,
1540586410.1024778,3.51291,6.58885,,,
1540586410.2023714,3.51268,6.58885,0,0,0
1540586410.2983472,3.51268,6.58911,,,
1540586410.3961158,3.51268,6.58911,,,
1540586410.494434,3.51245,6.58911,,,
1540586410.6115918,3.51245,6.58963,,,
1540586410.7235284,3.51245,6.58963,,,
1540586410.8093984,3.51245,6.58963,,,
1540586410.904202,3.51222,6.58987,,,
1540586411.0154684,3.51222,6.58987,,,
1540586411.1196017,3.51222,6.58987,,,
1540586411.2018888,3.51199,6.58987,0,0,0
1540586411.297612,3.51199,6.59039,,,
1540586411.4087431,3.51199,6.59039,,,
1540586411.5239568,3.51178,6.59039,,,
1540586411.606137,3.51178,6.59091,,,
1540586411.7080216,3.51178,6.59091,,,
1540586411.8081713,3.51178,6.59091,,,
1540586411.9095032,3.51147,6.59117,,,
1540586412.0091422,3.51147,6.59117,,,
1540586412.109845,3.51147,6.59117,,,
1540586412.2032442,3.51125,6.59193,0,0,0
1540586412.3247972,3.51125,6.59193,,,
1540586412.4304779,3.51125,6.59193,,,
1540586412.5123386,3.51102,6.59193,,,
1540586412.607593,3.51102,6.59271,,,
1540586412.71834,3.51102,6.59271,,,
1540586412.8273797,3.51079,6.59271,,,
1540586412.9127748,3.51079,6.59297,,,
1540586413.0112433,3.51079,6.59297,,,
1540586413.1164744,3.51079,6.59297,,,
1540586413.2222872,3.51056,6.59348,0,0,0
1540586413.3102095,3.51056,6.59348,,,
1540586413.4111438,3.51056,6.59348,,,
1540586413.5160928,3.51025,6.59348,,,
1540586413.621707,3.51025,6.59373,,,
1540586413.7113554,3.51025,6.59373,,,
1540586413.8116527,3.51025,6.59373,,,
1540586413.9114518,3.51003,6.59425,,,
1540586414.0086548,3.51003,6.59425,,,
1540586414.1120727,3.51003,6.59425,,,
1540586414.2118127,3.50981,6.59425,0,0,0
1540586414.3113632,3.50981,6.59451,,,
1540586414.4285371,3.50981,6.59451,,,
1540586414.5331552,3.50958,6.59451,,,
1540586414.6152651,3.50958,6.59503,,,
1540586414.7150185,3.50958,6.59503,,,
1540586414.8230653,3.50958,6.59503,,,
1540586414.9262223,3.50935,6.59554,,,
1540586415.015292,3.50935,6.59554,,,
1540586415.117141,3.50935,6.59554,,,
1540586415.3183687,3.50647,6.90138,,,
1540586415.4723442,3.50647,6.90138,,,
1540586415.6455386,3.4463,9.61797,,,
1540586415.8105218,3.4463,9.61797,,,
1540586415.9694018,3.44373,9.62491,,,
1540586416.1293855,3.44373,9.62491,,,
1540586416.2898335,3.44206,9.62979,,,
1540586416.4614542,3.44206,9.62979,,,
1540586416.6248693,3.44063,9.63365,,,
1540586416.7779984,3.44063,9.63365,,,
1540586416.8817165,3.44449,9.63365,0,0,0
1540586416.9620845,3.44449,9.20717,0,0,0
1540586417.057065,3.44449,9.20717,,,
1540586417.1698065,3.44449,9.20717,0,0,0
1540586417.2709439,3.50117,6.61072,,,
1540586417.3599658,3.50117,6.61072,,,
1540586417.4559352,3.50117,6.61072,,,
1540586417.559741,3.50238,6.60814,,,
1540586417.6720543,3.50238,6.60814,,,
1540586417.7591774,3.50238,6.60814,,,
1540586417.8574731,3.50276,6.60814,,,
1540586417.9601073,3.50276,6.60764,,,
1540586418.0714629,3.50276,6.60764,,,
1540586418.1610966,3.50276,6.60764,0,0,0
1540586418.2577498,3.50291,6.60738,,,
1540586418.3565695,3.50291,6.60738,,,
1540586418.4650567,3.50291,6.60738,,,
1540586418.55882,3.50299,6.60738,,,
1540586418.6704414,3.50299,6.60712,,,
1540586418.7590406,3.50299,6.60712,,,
1540586418.8796856,3.50299,6.60712,,,
1540586418.9828007,3.50299,6.60738,,,
1540586419.0694804,3.50299,6.60738,,,
1540586419.159828,3.50299,6.60738,0,0,0
1540586419.2746131,3.50291,6.60738,,,
1540586419.3893712,3.50291,6.60738,,,
1540586419.4913507,3.50291,6.60738,,,
1540586419.5728424,3.50284,6.60738,,,
1540586419.6640596,3.50284,6.60738,,,
1540586419.7661645,3.50284,6.60738,,,
1540586419.8648384,3.50276,6.60738,,,
1540586419.9695966,3.50276,6.60764,,,
1540586420.0684187,3.50276,6.60764,,,
1540586420.1840498,3.50276,6.60764,0,0,0
1540586420.2889524,3.50261,6.60788,,,
1540586420.3644512,3.50261,6.60788,,,
1540586420.4608946,3.50261,6.60788,,,
1540586420.5754867,3.50246,6.60814,,,
1540586420.678791,3.50246,6.60814,,,
1540586420.7659166,3.50246,6.60814,,,
1540586420.866669,3.50232,6.60814,,,
1540586420.9703305,3.50232,6.6084,,,
1540586421.072688,3.50232,6.6084,,,
1540586421.1688576,3.50232,6.6084,0,0,0
1540586421.2642736,3.50217,6.60866,,,
1540586421.3648036,3.50217,6.60866,,,
1540586421.4713106,3.50217,6.60866,,,
1540586421.5832868,3.50194,6.60866,,,
1540586421.6971824,3.50194,6.60892,,,
1540586421.7703528,3.50194,6.60892,,,
1540586421.885496,3.50179,6.60892,,,
1540586421.9908338,3.50179,6.60968,,,
1540586422.0692947,3.50179,6.60968,,,
1540586422.1661534,3.50179,6.60968,0,0,0
1540586422.2749124,3.50163,6.6102,,,
1540586422.3784227,3.50163,6.6102,,,
1540586422.4782324,3.50163,6.6102,,,
1540586422.5681517,3.5014,6.6102,,,
1540586422.6701915,3.5014,6.61046,,,
1540586422.768793,3.5014,6.61046,,,
1540586422.8746479,3.50125,6.61046,,,
1540586422.9672806,3.50125,6.61072,,,
1540586423.0694337,3.50125,6.61072,,,
1540586423.18054,3.50125,6.61072,0,0,0
1540586423.294533,3.50102,6.61124,,,
1540586423.3740504,3.50102,6.61124,,,
1540586423.46807,3.50102,6.61124,,,
1540586423.579217,3.50079,6.61124,,,
1540586423.683715,3.50079,6.61174,,,
1540586423.7662656,3.50079,6.61174,,,
1540586423.8649955,3.50079,6.61174,,,
1540586423.9759614,3.50064,6.61226,,,
1540586424.083268,3.50064,6.61226,,,
1540586424.1732738,3.50064,6.61226,0,0,0
1540586424.2725246,3.50041,6.61278,,,
1540586424.3694136,3.50041,6.61278,,,
1540586424.477375,3.50041,6.61278,,,
1540586424.6073725,3.5002,6.61278,,,
1540586424.6782076,3.5002,6.61304,,,
1540586424.7746785,3.5002,6.61304,,,
1540586424.887701,3.50005,6.61304,,,
1540586424.9948423,3.50005,6.61328,,,
1540586425.0739107,3.50005,6.61328,,,
1540586425.1710587,3.50005,6.61328,0,0,0
1540586425.2825296,3.49982,6.61354,,,
1540586425.3832617,3.49982,6.61354,,,
1540586425.4764423,3.49982,6.61354,,,
1540586425.57632,3.49959,6.61354,,,
1540586425.6784804,3.49959,6.61406,,,
1540586425.7796485,3.49959,6.61406,,,
1540586425.8799136,3.49959,6.61406,,,
1540586425.981697,3.49936,6.61432,,,
1540586426.080405,3.49936,6.61432,,,
1540586426.196056,3.49936,6.61432,0,0,0
1540586426.2974896,3.49913,6.61484,,,
1540586426.3816478,3.49913,6.61484,,,
1540586426.4794633,3.49913,6.61484,,,
1540586426.5876265,3.49898,6.61484,,,
1540586426.689079,3.49898,6.61508,,,
1540586426.7817595,3.49898,6.61508,,,
1540586426.881527,3.49898,6.61508,,,
1540586426.9829462,3.49875,6.6156,,,
1540586427.0845387,3.49875,6.6156,,,
1540586427.1829762,3.49875,6.6156,0,0,0
1540586427.2833586,3.49852,6.61586,,,
1540586427.3802629,3.49852,6.61586,,,
1540586427.4998622,3.49852,6.61586,,,
1540586427.582432,3.49831,6.61586,,,
1540586427.681341,3.49831,6.61612,,,
1540586427.7793796,3.49831,6.61612,,,
1540586427.886628,3.49831,6.61612,,,
1540586427.9952588,3.49808,6.61664,,,
1540586428.083485,3.49808,6.61664,,,
1540586428.1807685,3.49808,6.61664,0,0,0
1540586428.28559,3.49785,6.61688,,,
1540586428.3885288,3.49785,6.61688,,,
1540586428.4855924,3.49785,6.61688,,,
1540586428.5814745,3.4977,6.61688,,,
1540586428.6831388,3.4977,6.6174,,,
1540586428.7853675,3.4977,6.6174,,,
1540586428.8859713,3.4977,6.6174,,,
1540586428.9853418,3.49747,6.61766,,,
1540586429.084053,3.49747,6.61766,,,
1540586429.1947021,3.49747,6.61766,0,0,0
1540586429.3002777,3.49724,6.61818,,,
1540586429.390788,3.49724,6.61818,,,
1540586429.4853327,3.49724,6.61818,,,
1540586429.595094,3.49701,6.61818,,,
1540586429.6940157,3.49701,6.61868,,,
1540586429.7902281,3.49701,6.61868,,,
1540586429.8863783,3.49701,6.61868,,,
1540586429.985768,3.49678,6.61946,,,
1540586430.0886784,3.49678,6.61946,,,
1540586430.190414,3.49678,6.61946,0,0,0
1540586430.2877276,3.49663,6.61946,,,
1540586430.3870459,3.49663,6.61972,,,
1540586430.5029235,3.49663,6.61972,,,
1540586430.6056123,3.49641,6.61972,,,
1540586430.6899028,3.49641,6.61998,,,
1540586430.7834404,3.49641,6.61998,,,
1540586430.8944156,3.49641,6.61998,,,
1540586431.0021038,3.49619,6.62074,,,
1540586431.0920093,3.49619,6.62074,,,
1540586431.1877847,3.49619,6.62074,0,0,0
1540586431.2951365,3.49596,6.62126,,,
1540586431.4061086,3.49596,6.62126,,,
1540586431.490023,3.49596,6.62126,,,
1540586431.5896354,3.49573,6.62126,,,
1540586431.695483,3.49573,6.62178,,,
1540586431.8017075,3.49573,6.62178,,,
1540586431.8912737,3.49573,6.62178,,,
1540586431.991247,3.4955,6.62204,,,
1540586432.0982435,3.4955,6.62204,,,
1540586432.2026644,3.4955,6.62204,0,0,0
1540586432.2920544,3.49519,6.62204,,,
1540586432.3909945,3.49519,6.62254,,,
1540586432.4963489,3.49519,6.62254,,,
1540586432.5948489,3.49496,6.62254,,,
1540586432.6941116,3.49496,6.6228,,,
1540586432.790368,3.49496,6.6228,,,
1540586432.8893042,3.49496,6.6228,,,
1540586432.9922955,3.49481,6.62332,,,
1540586433.0946922,3.49481,6.62332,,,
1540586433.193538,3.49481,6.62332,0,0,0
1540586433.2912219,3.4946,6.62332,,,
1540586433.4062219,3.4946,6.62358,,,
1540586433.5130105,3.4946,6.62358,,,
1540586433.596372,3.49437,6.62358,,,
1540586433.6944983,3.49437,6.62408,,,
1540586433.8083174,3.49437,6.62408,,,
1540586433.9023652,3.49437,6.62408,,,
1540586433.998334,3.49414,6.62434,,,
1540586434.0962508,3.49414,6.62434,,,
1540586434.1920707,3.49414,6.62434,0,0,0
1540586434.2923636,3.49391,6.62434,,,
1540586434.396681,3.49391,6.62486,,,
1540586434.497478,3.49391,6.62486,,,
1540586434.5945127,3.49368,6.62486,,,
1540586434.710924,3.49368,6.62512,,,
1540586434.8158453,3.49368,6.62512,,,
1540586434.8991635,3.49368,6.62512,,,
1540586434.997835,3.49345,6.62564,,,
1540586435.1084409,3.49345,6.62564,,,
1540586435.2085242,3.49345,6.62564,0,0,0
1540586435.3003173,3.49323,6.62564,,,
1540586435.3980432,3.49323,6.62589,,,
1540586435.4971423,3.49323,6.62589,,,
1540586435.5946927,3.493,6.62589,,,
1540586435.6991067,3.493,6.6264,,,
1540586435.798266,3.493,6.6264,,,
1540586435.896704,3.493,6.6264,,,
1540586436.0150723,3.49277,6.62666,,,
1540586436.1203046,3.49277,6.62666,,,
1540586436.2022576,3.49277,6.62666,0,0,0
1540586436.3010294,3.49255,6.62666,,,
1540586436.4128149,3.49255,6.62718,,,
1540586436.515059,3.49255,6.62718,,,
1540586436.6004093,3.49255,6.62718,,,
1540586436.6988277,3.49232,6.62769,,,
1540586436.8078058,3.49232,6.62769,,,
1540586436.9131007,3.49232,6.62769,,,
1540586437.0131617,3.4921,6.6282,,,
1540586437.1043892,3.4921,6.6282,,,
1540586437.2048044,3.4921,6.6282,0,0,0
1540586437.3040695,3.49187,6.6282,,,
1540586437.4025187,3.49187,6.62898,,,
1540586437.502385,3.49187,6.62898,,,
1540586437.5992057,3.49187,6.62898,,,
1540586437.719312,3.49164,6.62924,,,
1540586437.8238835,3.49164,6.62924,,,
1540586437.9051821,3.49164,6.62924,,,
1540586438.0050173,3.49141,6.62949,,,
1540586438.1164863,3.49141,6.62949,,,
1540586438.2166378,3.49141,6.62949,0,0,0
1540586438.3055766,3.49118,6.62949,,,
1540586438.405424,3.49118,6.63,,,
1540586438.5070932,3.49118,6.63,,,
1540586438.6059744,3.49095,6.63,,,
1540586438.7080877,3.49095,6.63026,,,
1540586438.8057678,3.49095,6.63026,,,
1540586438.9026713,3.49095,6.63026,,,
1540586439.0038924,3.49074,6.63078,,,
1540586439.107916,3.49074,6.63078,,,
1540586439.206422,3.49074,6.63078,0,0,0
1540586439.303603,3.49051,6.63078,,,
1540586439.4167871,3.49051,6.63104,,,
1540586439.5243914,3.49051,6.63104,,,
1540586439.6102989,3.49051,6.63104,,,
1540586439.7070227,3.49028,6.63155,,,
1540586439.8134487,3.49028,6.63155,,,
1540586439.9226546,3.49028,6.63155,,,
1540586440.0093307,3.49005,6.63206,,,
1540586440.108303,3.49005,6.63206,,,
1540586440.2120202,3.49005,6.63206,0,0,0
1540586440.31303,3.48982,6.63206,,,
1540586440.4105072,3.48982,6.63232,,,
1540586440.511018,3.48982,6.63232,,,
1540586440.610526,3.48982,6.63232,,,
1540586440.7095466,3.48959,6.63284,,,
1540586440.8106701,3.48959,6.63284,,,
1540586440.9105012,3.48959,6.63284,,,
1540586441.0081246,3.48929,6.63335,,,
1540586441.1203613,3.48929,6.63335,,,
1540586441.221626,3.48929,6.63335,0,0,0
1540586441.3156521,3.48906,6.63335,,,
1540586441.4155402,3.48906,6.63387,,,
1540586441.5153608,3.48906,6.63387,,,
1540586441.6172872,3.48906,6.63387,,,
1540586441.7173321,3.48891,6.63438,,,
1540586441.8160048,3.48891,6.63438,,,
1540586441.9156804,3.48891,6.63438,,,
1540586442.0353522,3.48862,6.63489,,,
1540586442.1400254,3.48862,6.63489,,,
1540586442.2195954,3.48862,6.63489,0,0,0
1540586442.317142,3.48839,6.63489,,,
1540586442.4248648,3.48839,6.63515,,,
1540586442.5285428,3.48839,6.63515,,,
1540586442.6189497,3.48839,6.63515,,,
1540586442.7171776,3.48816,6.63567,,,
1540586442.8165529,3.48816,6.63567,,,
1540586442.9197643,3.48816,6.63567,,,
1540586443.0191054,3.48793,6.63618,,,
1540586443.119364,3.48793,6.63618,,,
1540586443.2168808,3.48793,6.63618,0,0,0
1540586443.3358536,3.48763,6.63618,,,
1540586443.4433072,3.48763,6.63695,,,
1540586443.5238023,3.48763,6.63695,,,
1540586443.6197739,3.48763,6.63695,,,
1540586443.7304056,3.4874,6.63747,,,
1540586443.8381956,3.4874,6.63747,,,
1540586443.9249244,3.4874,6.63747,,,
1540586444.0184994,3.48717,6.63773,,,
1540586444.1317625,3.48717,6.63773,,,
1540586444.2319822,3.48717,6.63773,0,0,0
1540586444.323351,3.48695,6.63773,,,
1540586444.418542,3.48695,6.63824,,,
1540586444.5198047,3.48695,6.63824,,,
1540586444.6236384,3.48695,6.63824,,,
1540586444.7229726,3.48672,6.6385,,,
1540586444.8202252,3.48672,6.6385,,,
1540586444.919388,3.48672,6.6385,,,
1540586445.040533,3.4865,6.63901,,,
1540586445.1416197,3.4865,6.63901,,,
1540586445.224122,3.4865,6.63901,0,0,0
1540586445.3228672,3.48627,6.63901,,,
1540586445.4332912,3.48627,6.63927,,,
1540586445.5361102,3.48627,6.63927,,,
1540586445.6250951,3.48627,6.63927,,,
1540586445.7222202,3.48604,6.63953,,,
1540586445.8296933,3.48604,6.63953,,,
1540586445.9355855,3.48604,6.63953,,,
1540586446.0273242,3.48581,6.63953,,,
1540586446.124507,3.48581,6.6403,,,
1540586446.2307615,3.48581,6.6403,0,0,0
1540586446.3292222,3.48558,6.6403,,,
1540586446.4286652,3.48558,6.64055,,,
1540586446.5357697,3.48558,6.64055,,,
1540586446.6438026,3.48558,6.64055,,,
1540586446.7446823,3.48535,6.64081,,,
1540586446.8499813,3.48535,6.64081,,,
1540586446.9351184,3.48535,6.64081,,,
1540586447.033736,3.48512,6.64081,,,
1540586447.1366103,3.48512,6.64133,,,
1540586447.2451463,3.48512,6.64133,0,0,0
1540586447.3316226,3.48483,6.64133,,,
1540586447.431768,3.48483,6.64159,,,
1540586447.536605,3.48483,6.64159,,,
1540586447.6423209,3.48483,6.64159,,,
1540586447.731843,3.4846,6.64235,,,
1540586447.8317077,3.4846,6.64235,,,
1540586447.9364853,3.4846,6.64235,,,
1540586448.0382555,3.48438,6.64235,,,
1540586448.1378832,3.48438,6.64261,,,
1540586448.2334018,3.48438,6.64261,0,0,0
1540586448.3316243,3.48415,6.64261,,,
1540586448.4322252,3.48415,6.64287,,,
1540586448.534832,3.48415,6.64287,,,
1540586448.6322353,3.48415,6.64287,,,
1540586448.730145,3.48392,6.64365,,,
1540586448.8467343,3.48392,6.64365,,,
1540586448.9515362,3.48392,6.64365,,,
1540586449.0378723,3.48369,6.64365,,,
1540586449.135648,3.48369,6.64415,,,
1540586449.241753,3.48369,6.64415,0,0,0
1540586449.3451033,3.48346,6.64415,,,
1540586449.4349027,3.48346,6.64467,,,
1540586449.5341468,3.48346,6.64467,,,
1540586449.6312215,3.48346,6.64467,,,
1540586449.7314975,3.48323,6.64519,,,
1540586449.835484,3.48323,6.64519,,,
1540586449.9372337,3.48323,6.64519,,,
1540586450.0329401,3.48294,6.64519,,,
1540586450.151372,3.48294,6.64595,,,
1540586450.2576709,3.48294,6.64595,0,0,0
1540586450.3385665,3.48271,6.64595,,,
1540586450.4379022,3.48271,6.64647,,,
1540586450.5488927,3.48271,6.64647,,,
1540586450.648463,3.48271,6.64647,,,
1540586450.7386618,3.48248,6.64673,,,
1540586450.83794,3.48248,6.64673,,,
1540586450.9358797,3.48248,6.64673,,,
1540586451.0354707,3.48225,6.64673,,,
1540586451.1387267,3.48225,6.64725,,,
1540586451.2383335,3.48225,6.64725,0,0,0
1540586451.335172,3.48225,6.64725,,,
1540586451.4360225,3.48203,6.64751,,,
1540586451.5569515,3.48203,6.64751,,,
1540586451.638395,3.48203,6.64751,,,
1540586451.7361553,3.4818,6.64775,,,
1540586451.8454719,3.4818,6.64775,,,
1540586451.9538286,3.4818,6.64775,,,
1540586452.040796,3.48157,6.64775,,,
1540586452.1399188,3.48157,6.64853,,,
1540586452.247739,3.48157,6.64853,0,0,0
1540586452.3522525,3.48134,6.64853,,,
1540586452.439792,3.48134,6.64879,,,
1540586452.5419028,3.48134,6.64879,,,
1540586452.634291,3.48134,6.64879,,,
1540586452.737877,3.48112,6.64905,,,
1540586452.8430305,3.48112,6.64905,,,
1540586452.9418824,3.48112,6.64905,,,
1540586453.0381784,3.4809,6.64905,,,
1540586453.1544774,3.4809,6.64955,,,
1540586453.2644496,3.4809,6.64955,0,0,0
1540586453.3455694,3.4809,6.64955,,,
1540586453.442123,3.48059,6.64981,,,
1540586453.551679,3.48059,6.64981,,,
1540586453.657131,3.48059,6.64981,,,
1540586453.7478242,3.48036,6.65033,,,
1540586453.845195,3.48036,6.65033,,,
1540586453.9494293,3.48036,6.65033,,,
1540586454.049825,3.48013,6.65033,,,
1540586454.1460314,3.48013,6.65085,,,
1540586454.2462697,3.48013,6.65085,0,0,0
1540586454.346376,3.48013,6.65085,,,
1540586454.4475422,3.4799,6.65111,,,
1540586454.5461075,3.4799,6.65111,,,
1540586454.6471577,3.4799,6.65111,,,
1540586454.743264,3.47968,6.65187,,,
1540586454.8545172,3.47968,6.65187,,,
1540586454.9614465,3.47968,6.65187,,,
1540586455.049622,3.47937,6.65187,,,
1540586455.1456423,3.47937,6.65239,,,
1540586455.2462358,3.47937,6.65239,0,0,0
1540586455.3495877,3.47937,6.65239,,,
1540586455.444223,3.47923,6.65291,,,
1540586455.5418441,3.47923,6.65291,,,
1540586455.6437159,3.47923,6.65291,,,
1540586455.7462258,3.47893,6.65341,,,
1540586455.8458445,3.47893,6.65341,,,
1540586455.9458344,3.47893,6.65341,,,
1540586456.0444891,3.4787,6.65341,,,
1540586456.1636887,3.4787,6.65367,,,
1540586456.266314,3.4787,6.65367,0,0,0
1540586456.3492138,3.4787,6.65367,,,
1540586456.4488833,3.47847,6.65419,,,
1540586456.557031,3.47847,6.65419,,,
1540586456.6651525,3.47847,6.65419,,,
1540586456.7501888,3.47824,6.65445,,,
1540586456.8496656,3.47824,6.65445,,,
1540586456.95696,3.47824,6.65445,,,
1540586457.0566847,3.47801,6.65445,,,
1540586457.1523204,3.47801,6.65495,0,0,0
1540586457.250333,3.47801,6.65495,,,
1540586457.3481753,3.47801,6.65495,,,
1540586457.4480765,3.47778,6.65521,,,
1540586457.5512655,3.47778,6.65521,,,
1540586457.64975,3.47778,6.65521,,,
1540586457.7457833,3.47755,6.65573,,,
1540586457.8597658,3.47755,6.65573,,,
1540586457.964529,3.47755,6.65573,,,
1540586458.0536659,3.47726,6.65573,,,
1540586458.1498291,3.47726,6.65599,,,
1540586458.2523339,3.47726,6.65599,0,0,0
1540586458.3544056,3.47726,6.65599,,,
1540586458.4520147,3.47704,6.65675,,,
1540586458.5477905,3.47704,6.65675,,,
1540586458.6495335,3.47704,6.65675,,,
1540586458.751923,3.47681,6.65675,,,
1540586458.8512852,3.47681,6.65753,,,
1540586458.950299,3.47681,6.65753,,,
1540586459.050369,3.47658,6.65753,,,
1540586459.1634831,3.47658,6.65805,,,
1540586459.2675896,3.47658,6.65805,0,0,0
1540586459.3506064,3.47658,6.65805,,,
1540586459.4523618,3.47627,6.65831,,,
1540586459.558698,3.47627,6.65831,,,
1540586459.6617827,3.47627,6.65831,,,
1540586459.7529933,3.47604,6.65831,,,
1540586459.8485649,3.47604,6.65881,,,
1540586459.959349,3.47604,6.65881,,,
1540586460.0667217,3.47581,6.65881,,,
1540586460.1565673,3.47581,6.65907,0,0,0
1540586460.2557132,3.47581,6.65907,,,
1540586460.3606744,3.47581,6.65907,,,
1540586460.4632192,3.47559,6.65959,,,
1540586460.5570862,3.47559,6.65959,,,
1540586460.658249,3.47559,6.65959,,,
1540586460.7590706,3.47537,6.65959,,,
1540586460.857924,3.47537,6.66035,,,
1540586460.9582238,3.47537,6.66035,,,
1540586461.0597296,3.47514,6.66035,,,
1540586461.1584396,3.47514,6.66087,0,0,0
1540586461.2715435,3.47514,6.66087,,,
1540586461.3721087,3.47514,6.66087,,,
1540586461.4598742,3.47484,6.66113,,,
1540586461.5564375,3.47484,6.66113,,,
1540586461.6677969,3.47484,6.66113,,,
1540586461.7696521,3.47461,6.66113,,,
1540586461.8588815,3.47461,6.66165,,,
1540586461.9547794,3.47461,6.66165,,,
1540586462.056557,3.47438,6.66165,,,
1540586462.1591477,3.47438,6.66216,0,0,0
1540586462.2586763,3.47438,6.66216,,,
1540586462.3592868,3.47438,6.66216,,,
1540586462.458504,3.47415,6.66241,,,
1540586462.5580986,3.47415,6.66241,,,
1540586462.6582842,3.47415,6.66241,,,
1540586462.7588165,3.47392,6.66241,,,
1540586462.854464,3.47392,6.66293,,,
1540586462.969527,3.47392,6.66293,,,
1540586463.0682833,3.47369,6.66293,,,
1540586463.1585808,3.47369,6.66319,0,0,0
1540586463.2566357,3.47369,6.66319,,,
1540586463.3577864,3.47369,6.66319,,,
1540586463.461783,3.47348,6.66371,,,
1540586463.559126,3.47348,6.66371,,,
1540586463.6573668,3.47348,6.66371,,,
1540586463.7573593,3.47325,6.66371,,,
1540586463.8769698,3.47325,6.66396,,,
1540586463.9787345,3.47325,6.66396,,,
1540586464.0599601,3.47325,6.66396,,,
1540586464.157726,3.47295,6.66447,0,0,0
1540586464.2652411,3.47295,6.66447,,,
1540586464.3737462,3.47295,6.66447,,,
1540586464.4658153,3.47272,6.66499,,,
1540586464.563276,3.47272,6.66499,,,
1540586464.6652977,3.47272,6.66499,,,
1540586464.7666018,3.47249,6.66499,,,
1540586464.8637028,3.47249,6.66525,,,
1540586464.9612992,3.47249,6.66525,,,
1540586465.0630639,3.47249,6.66525,,,
1540586465.1637213,3.47226,6.66576,0,0,0
1540586465.2628558,3.47226,6.66576,,,
1540586465.36202,3.47226,6.66576,,,
1540586465.461198,3.47203,6.66653,,,
1540586465.577371,3.47203,6.66653,,,
1540586465.67923,3.47203,6.66653,,,
1540586465.764734,3.4718,6.66653,,,
1540586465.8610747,3.4718,6.66705,,,
1540586465.9666557,3.4718,6.66705,,,
1540586466.0697803,3.47157,6.66705,,,
1540586466.1662924,3.47157,6.66731,0,0,0
1540586466.2632568,3.47157,6.66731,,,
1540586466.365065,3.47157,6.66731,,,
1540586466.4677734,3.47128,6.66782,,,
1540586466.5663645,3.47128,6.66782,,,
1540586466.6646562,3.47128,6.66782,,,
1540586466.764016,3.47105,6.66782,,,
1540586466.8797047,3.47105,6.66859,,,
1540586466.9809332,3.47105,6.66859,,,
1540586467.0660422,3.47105,6.66859,,,
1540586467.163373,3.47083,6.66911,0,0,0
1540586467.270957,3.47083,6.66911,,,
1540586467.3799722,3.47083,6.66911,,,
1540586467.4693215,3.4706,6.66936,,,
1540586467.5659885,3.4706,6.66936,,,
1540586467.6672325,3.4706,6.66936,,,
1540586467.7703211,3.47037,6.66936,,,
1540586467.867234,3.47037,6.66988,,,
1540586467.965785,3.47037,6.66988,,,
1540586468.066114,3.47037,6.66988,,,
1540586468.1686885,3.47006,6.67039,0,0,0
1540586468.2691145,3.47006,6.67039,,,
1540586468.3677628,3.47006,6.67039,,,
1540586468.4630399,3.46983,6.67065,,,
1540586468.5798159,3.46983,6.67065,,,
1540586468.684728,3.46983,6.67065,,,
1540586468.7690034,3.46962,6.67065,,,
1540586468.8651288,3.46962,6.67116,,,
1540586468.9737735,3.46962,6.67116,,,
1540586469.0756686,3.46962,6.67116,,,
1540586469.1714566,3.46939,6.67142,0,0,0
1540586469.2716873,3.46939,6.67142,,,
1540586469.3727164,3.46939,6.67142,,,
1540586469.4749086,3.46916,6.67194,,,
1540586469.5722325,3.46916,6.67194,,,
1540586469.6695874,3.46916,6.67194,,,
1540586469.771706,3.46893,6.67194,,,
1540586469.8864417,3.46893,6.6722,,,
1540586469.9857981,3.46893,6.6722,,,
1540586470.0725045,3.46893,6.6722,,,
1540586470.1718223,3.4687,6.67271,0,0,0
1540586470.278902,3.4687,6.67271,,,
1540586470.3878424,3.4687,6.67271,,,
1540586470.4776008,3.4684,6.67271,,,
1540586470.5720809,3.4684,6.67348,,,
1540586470.677929,3.4684,6.67348,,,
1540586470.7859485,3.46817,6.67348,,,
1540586470.8715975,3.46817,6.67426,,,
1540586470.9701908,3.46817,6.67426,,,
1540586471.0701156,3.46817,6.67426,,,
1540586471.1735387,3.46794,6.67451,0,0,0
1540586471.2733676,3.46794,6.67451,,,
1540586471.372568,3.46794,6.67451,,,
1540586471.469653,3.46773,6.67451,,,
1540586471.5884485,3.46773,6.67502,,,
1540586471.6881428,3.46773,6.67502,,,
1540586471.7747498,3.4675,6.67502,,,
1540586471.8729858,3.4675,6.67528,,,
1540586471.978726,3.4675,6.67528,,,
1540586472.085599,3.4675,6.67528,,,
1540586472.1747968,3.46727,6.67554,0,0,0
1540586472.2700753,3.46727,6.67554,,,
1540586472.3728502,3.46727,6.67554,,,
1540586472.4760232,3.46704,6.67554,,,
1540586472.5747242,3.46704,6.67632,,,
1540586472.6723325,3.46704,6.67632,,,
1540586472.7729673,3.46681,6.67632,,,
1540586472.8764224,3.46681,6.67632,,,
1540586472.9928167,3.46681,6.67632,,,
1540586473.0730546,3.46681,6.67632,,,
1540586473.17532,3.46658,6.67682,0,0,0
1540586473.285481,3.46658,6.67682,,,
1540586473.3881454,3.46658,6.67682,,,
1540586473.4765399,3.46635,6.67682,,,
1540586473.5747259,3.46635,6.67734,,,
1540586473.6732647,3.46635,6.67734,,,
1540586473.7770846,3.46613,6.67734,,,
1540586473.8764138,3.46613,6.6776,,,
1540586473.974395,3.46613,6.6776,,,
1540586474.07436,3.46613,6.6776,,,
1540586474.1940272,3.46582,6.67812,0,0,0
1540586474.293022,3.46582,6.67812,,,
1540586474.3754072,3.46582,6.67812,,,
1540586474.4787157,3.46561,6.67812,,,
1540586474.5845354,3.46561,6.67836,,,
1540586474.690827,3.46561,6.67836,,,
1540586474.7782588,3.46561,6.67836,,,
1540586474.8777816,3.46538,6.67888,,,
1540586474.981652,3.46538,6.67888,,,
1540586475.0808988,3.46538,6.67888,,,
1540586475.1787007,3.46515,6.67966,0,0,0
1540586475.2747428,3.46515,6.67966,,,
1540586475.37655,3.46515,6.67966,,,
1540586475.4812272,3.46492,6.67966,,,
1540586475.5997849,3.46492,6.68016,,,
1540586475.680497,3.46492,6.68016,,,
1540586475.7768087,3.46492,6.68016,,,
1540586475.8892121,3.46469,6.68068,,,
1540586475.9913487,3.46469,6.68068,,,
1540586476.0799024,3.46469,6.68068,,,
1540586476.1800542,3.46439,6.6812,0,0,0
1540586476.2879667,3.46439,6.6812,,,
1540586476.3910604,3.46439,6.6812,,,
1540586476.481033,3.46416,6.6812,,,
1540586476.579008,3.46416,6.68196,,,
1540586476.6811922,3.46416,6.68196,,,
1540586476.7814612,3.46416,6.68196,,,
1540586476.881677,3.46393,6.68248,,,
1540586476.9802685,3.46393,6.68248,,,
1540586477.081087,3.46393,6.68248,,,
1540586477.1989346,3.46371,6.68274,0,0,0
1540586477.2981741,3.46371,6.68274,,,
1540586477.378095,3.46371,6.68274,,,
1540586477.4821932,3.46349,6.68274,,,
1540586477.59279,3.46349,6.68326,,,
1540586477.694809,3.46349,6.68326,,,
1540586477.7803624,3.46349,6.68326,,,
1540586477.8812144,3.46326,6.68352,,,
1540586477.9846,3.46326,6.68352,,,
1540586478.0849195,3.46326,6.68352,,,
1540586478.1812265,3.46295,6.68402,0,0,0
1540586478.2819374,3.46295,6.68402,,,
1540586478.3853133,3.46295,6.68402,,,
1540586478.500691,3.46272,6.68402,,,
1540586478.5994375,3.46272,6.68454,,,
1540586478.6856506,3.46272,6.68454,,,
1540586478.785258,3.46272,6.68454,,,
1540586478.893504,3.46249,6.6848,,,
1540586478.9956992,3.46249,6.6848,,,
1540586479.080721,3.46249,6.6848,,,
1540586479.1815925,3.46227,6.68532,0,0,0
1540586479.2867095,3.46227,6.68532,,,
1540586479.387789,3.46227,6.68532,,,
1540586479.4855866,3.46204,6.68532,,,
1540586479.5841274,3.46204,6.68556,,,
1540586479.6879804,3.46204,6.68556,,,
1540586479.8039222,3.46182,6.68556,,,
1540586479.8857584,3.46182,6.68582,,,
1540586479.988664,3.46182,6.68582,,,
1540586480.0892005,3.46182,6.68582,,,
1540586480.1945565,3.46159,6.6866,0,0,0
1540586480.2981362,3.46159,6.6866,,,
1540586480.3820353,3.46159,6.6866,,,
1540586480.4836545,3.46129,6.6866,,,
1540586480.59217,3.46129,6.68686,,,
1540586480.6919138,3.46129,6.68686,,,
1540586480.785314,3.46129,6.68686,,,
1540586480.886303,3.46106,6.68736,,,
1540586480.9920187,3.46106,6.68736,,,
1540586481.0886753,3.46106,6.68736,,,
1540586481.1868913,3.46083,6.68736,0,0,0
1540586481.2869105,3.46083,6.68814,,,
1540586481.3903646,3.46083,6.68814,,,
1540586481.509457,3.4606,6.68814,,,
1540586481.607269,3.4606,6.6884,,,
1540586481.6981344,3.4606,6.6884,,,
1540586481.7957473,3.4606,6.6884,,,
1540586481.8969052,3.46037,6.68892,,,
1540586482.0042484,3.46037,6.68892,,,
1540586482.0910099,3.46037,6.68892,,,
1540586482.1913986,3.46014,6.68892,0,0,0
1540586482.2917397,3.46014,6.68942,,,
1540586482.3930144,3.46014,6.68942,,,
1540586482.4893072,3.45993,6.68942,,,
1540586482.5868983,3.45993,6.68968,,,
1540586482.6899722,3.45993,6.68968,,,
1540586482.8085256,3.45993,6.68968,,,
1540586482.8889139,3.4597,6.6902,,,
1540586482.9885306,3.4597,6.6902,,,
1540586483.0915658,3.4597,6.6902,,,
1540586483.2003791,3.45947,6.69046,0,0,0
1540586483.3016253,3.45947,6.69046,,,
1540586483.3968525,3.45947,6.69046,,,
1540586483.4950266,3.45924,6.69046,,,
1540586483.5952876,3.45924,6.69096,,,
1540586483.695926,3.45924,6.69096,,,
1540586483.7933912,3.45924,6.69096,,,
1540586483.8941443,3.45894,6.69148,,,
1540586483.9957857,3.45894,6.69148,,,
1540586484.111017,3.45894,6.69148,,,
1540586484.2095613,3.45871,6.69148,0,0,0
1540586484.2975073,3.45871,6.69226,,,
1540586484.397361,3.45871,6.69226,,,
1540586484.5055478,3.45848,6.69226,,,
1540586484.6121638,3.45848,6.69276,,,
1540586484.6947005,3.45848,6.69276,,,
1540586484.7957516,3.45848,6.69276,,,
1540586484.9028852,3.45825,6.69302,,,
1540586485.0077116,3.45825,6.69302,,,
1540586485.0967815,3.45825,6.69302,,,
1540586485.1970868,3.45796,6.69302,0,0,0
1540586485.2980642,3.45796,6.69354,,,
1540586485.398354,3.45796,6.69354,,,
1540586485.4953604,3.45796,6.69354,,,
1540586485.5956004,3.45781,6.6938,,,
1540586485.6988134,3.45781,6.6938,,,
1540586485.814238,3.45781,6.6938,,,
1540586485.9138644,3.45758,6.69432,,,
1540586485.9998784,3.45758,6.69432,,,
1540586486.100492,3.45758,6.69432,,,
1540586486.206496,3.45728,6.69432,0,0,0
1540586486.3112884,3.45728,6.69508,,,
1540586486.3953116,3.45728,6.69508,,,
1540586486.4916172,3.45728,6.69508,,,
1540586486.602974,3.45705,6.6956,,,
1540586486.7029624,3.45705,6.6956,,,
1540586486.7984226,3.45705,6.6956,,,
1540586486.8976262,3.45682,6.69612,,,
1540586487.0006895,3.45682,6.69612,,,
1540586487.1008272,3.45682,6.69612,,,
1540586487.1986816,3.45659,6.69612,0,0,0
1540586487.3000693,3.45659,6.69637,,,
1540586487.4025867,3.45659,6.69637,,,
1540586487.5115967,3.45636,6.69637,,,
1540586487.6127179,3.45636,6.69688,,,
1540586487.7023563,3.45636,6.69688,,,
1540586487.8015742,3.45636,6.69688,,,
1540586487.9032362,3.45615,6.69714,,,
1540586488.0034692,3.45615,6.69714,,,
1540586488.1001468,3.45615,6.69714,,,
1540586488.1996117,3.45592,6.69714,0,0,0
1540586488.3020473,3.45592,6.69766,,,
1540586488.4187572,3.45592,6.69766,,,
1540586488.5200212,3.45569,6.69766,,,
1540586488.601997,3.45569,6.69792,,,
1540586488.7014349,3.45569,6.69792,,,
1540586488.8137207,3.45569,6.69792,,,
1540586488.912624,3.45546,6.69843,,,
1540586488.9992402,3.45546,6.69843,,,
1540586489.099472,3.45546,6.69843,,,
1540586489.2091372,3.45523,6.69843,0,0,0
1540586489.311973,3.45523,6.69894,,,
1540586489.402099,3.45523,6.69894,,,
1540586489.499557,3.45523,6.69894,,,
1540586489.6020043,3.45493,6.6992,,,
1540586489.7051508,3.45493,6.6992,,,
1540586489.8021097,3.45493,6.6992,,,
1540586489.9020052,3.4547,6.69972,,,
1540586490.0016644,3.4547,6.69972,,,
1540586490.1227582,3.4547,6.69972,,,
1540586490.2240217,3.45447,6.69972,0,0,0
1540586490.306279,3.45447,6.70049,,,
1540586490.4043975,3.45447,6.70049,,,
1540586490.5108712,3.45447,6.70049,,,
1540586490.61497,3.45425,6.701,,,
1540586490.705533,3.45425,6.701,,,
1540586490.802463,3.45425,6.701,,,
1540586490.9169502,3.45403,6.70126,,,
1540586491.013424,3.45403,6.70126,,,
1540586491.11107,3.45403,6.70126,,,
1540586491.2077134,3.4538,6.70126,0,0,0
1540586491.3044512,3.4538,6.70177,,,
1540586491.4075513,3.4538,6.70177,,,
1540586491.5042567,3.4538,6.70177,,,
1540586491.6042721,3.45349,6.70203,,,
1540586491.705197,3.45349,6.70203,,,
1540586491.821483,3.45349,6.70203,,,
1540586491.9269984,3.45326,6.70255,,,
1540586492.007826,3.45326,6.70255,,,
1540586492.1035666,3.45326,6.70255,,,
1540586492.2213762,3.45303,6.70255,0,0,0
1540586492.3176987,3.45303,6.70306,,,
1540586492.4104853,3.45303,6.70306,,,
1540586492.505978,3.45303,6.70306,,,
1540586492.6134336,3.4528,6.70332,,,
1540586492.7196887,3.4528,6.70332,,,
1540586492.810398,3.4528,6.70332,,,
1540586492.9019747,3.45258,6.70332,,,
1540586493.0132916,3.45258,6.70383,,,
1540586493.1132479,3.45258,6.70383,,,
1540586493.2082877,3.45235,6.70383,0,0,0
1540586493.3052745,3.45235,6.70461,,,
1540586493.4098604,3.45235,6.70461,,,
1540586493.5362847,3.45213,6.70461,,,
1540586493.6371038,3.45213,6.70486,,,
1540586493.7233346,3.45213,6.70486,,,
1540586493.8261616,3.45213,6.70486,,,
1540586493.9284015,3.4519,6.70537,,,
1540586494.027287,3.4519,6.70537,,,
1540586494.1248367,3.4519,6.70537,,,
1540586494.2195387,3.45168,6.70537,0,0,0
1540586494.336261,3.45168,6.70589,,,
1540586494.4325423,3.45168,6.70589,,,
1540586494.5493114,3.45145,6.70589,,,
1540586494.632212,3.45145,6.70615,,,
1540586494.729141,3.45145,6.70615,,,
1540586494.8377829,3.45145,6.70615,,,
1540586494.941712,3.45122,6.70667,,,
1540586495.0298905,3.45122,6.70667,,,
1540586495.1287563,3.45122,6.70667,,,
1540586495.2364848,3.45091,6.70667,0,0,0
1540586495.3356512,3.45091,6.70717,,,
1540586495.4349322,3.45091,6.70717,,,
1540586495.5330985,3.45091,6.70717,,,
1540586495.6294062,3.45068,6.70795,,,
1540586495.7282324,3.45068,6.70795,,,
1540586495.8288672,3.45068,6.70795,,,
1540586495.9221308,3.45045,6.70821,,,
1540586496.0233164,3.45045,6.70821,,,
1540586496.141788,3.45045,6.70821,,,
1540586496.2483199,3.45024,6.70821,0,0,0
1540586496.333827,3.45024,6.70872,,,
1540586496.4347806,3.45024,6.70872,,,
1540586496.54296,3.45024,6.70872,,,
1540586496.6435041,3.45001,6.70923,,,
1540586496.7402403,3.45001,6.70923,,,
1540586496.8385537,3.45001,6.70923,,,
1540586496.9357312,3.44978,6.70949,,,
1540586497.0406,3.44978,6.70949,,,
1540586497.1384518,3.44978,6.70949,,,
1540586497.2321334,3.44955,6.70949,0,0,0
1540586497.3366714,3.44955,6.71001,,,
1540586497.4542394,3.44955,6.71001,,,
1540586497.5581994,3.44933,6.71001,,,
1540586497.6402426,3.44933,6.71027,,,
1540586497.7361164,3.44933,6.71027,,,
1540586497.8554573,3.44933,6.71027,,,
1540586497.9486964,3.4491,6.71078,,,
1540586498.0385015,3.4491,6.71078,,,
1540586498.1345162,3.4491,6.71078,,,
1540586498.2385168,3.44887,6.71078,0,0,0
1540586498.3385346,3.44887,6.71129,,,
1540586498.4371576,3.44887,6.71129,,,
1540586498.5375016,3.44887,6.71129,,,
1540586498.637858,3.44864,6.71155,,,
1540586498.7585645,3.44864,6.71155,,,
1540586498.858563,3.44864,6.71155,,,
1540586498.9363625,3.44835,6.71155,,,
1540586499.0358932,3.44835,6.71207,,,
1540586499.1533914,3.44835,6.71207,,,
1540586499.2523024,3.44812,6.71207,0,0,0
1540586499.3398142,3.44812,6.71283,,,
1540586499.4364643,3.44812,6.71283,,,
1540586499.547813,3.44812,6.71283,,,
1540586499.6508107,3.44789,6.71309,,,
1540586499.7413714,3.44789,6.71309,,,
1540586499.837853,3.44789,6.71309,,,
1540586499.9436712,3.44766,6.71361,,,
1540586500.0438817,3.44766,6.71361,,,
1540586500.1414692,3.44766,6.71361,,,
1540586500.2398243,3.44743,6.71361,0,0,0
1540586500.3387117,3.44743,6.71413,,,
1540586500.460611,3.44743,6.71413,,,
1540586500.540757,3.44743,6.71413,,,
1540586500.6378949,3.4472,6.71439,,,
1540586500.7384882,3.4472,6.71439,,,
1540586500.8515265,3.4472,6.71439,,,
1540586500.952047,3.44698,6.71439,,,
1540586501.042972,3.44698,6.71489,,,
1540586501.14183,3.44698,6.71489,,,
1540586501.2440856,3.44675,6.71489,0,0,0
1540586501.3482692,3.44675,6.71541,,,
1540586501.4486408,3.44675,6.71541,,,
1540586501.5393703,3.44675,6.71541,,,
1540586501.646708,3.44653,6.71619,,,
1540586501.7608845,3.44653,6.71619,,,
1540586501.8665595,3.44653,6.71619,,,
1540586501.9472165,3.44623,6.71619,,,
1540586502.0435748,3.44623,6.71643,,,
1540586502.1530294,3.44623,6.71643,,,
1540586502.2562666,3.446,6.71643,0,0,0
1540586502.3437686,3.446,6.71695,,,
1540586502.4437537,3.446,6.71695,,,
1540586502.552749,3.446,6.71695,,,
1540586502.6590533,3.44577,6.71747,,,
1540586502.7470334,3.44577,6.71747,,,
1540586502.8451731,3.44577,6.71747,,,
1540586502.9452481,3.44554,6.71747,,,
1540586503.0513465,3.44554,6.71773,,,
1540586503.1471345,3.44554,6.71773,,,
1540586503.243239,3.44554,6.71773,0,0,0
1540586503.3429914,3.44531,6.71823,,,
1540586503.4661434,3.44531,6.71823,,,
1540586503.5473335,3.44531,6.71823,,,
1540586503.6461961,3.44516,6.71849,,,
1540586503.7458565,3.44516,6.71849,,,
1540586503.8563628,3.44516,6.71849,,,
1540586503.959168,3.44493,6.71849,,,
1540586504.0476556,3.44493,6.71875,,,
1540586504.147312,3.44493,6.71875,,,
1540586504.2489452,3.44493,6.71875,0,0,0
1540586504.348809,3.44464,6.71953,,,
1540586504.4497561,3.44464,6.71953,,,
1540586504.5482264,3.44464,6.71953,,,
1540586504.648223,3.44441,6.72029,,,
1540586504.7664862,3.44441,6.72029,,,
1540586504.8677115,3.44441,6.72029,,,
1540586504.9482794,3.44418,6.72029,,,
1540586505.0464892,3.44418,6.72055,,,
1540586505.158041,3.44418,6.72055,,,
1540586505.2597687,3.44395,6.72055,0,0,0
1540586505.3489196,3.44395,6.72107,,,
1540586505.446935,3.44395,6.72107,,,
1540586505.550451,3.44395,6.72107,,,
1540586505.6562085,3.44373,6.72133,,,
1540586505.754991,3.44373,6.72133,,,
1540586505.848644,3.44373,6.72133,,,
1540586505.9491298,3.4435,6.72133,,,
1540586506.06924,3.4435,6.72183,,,
1540586506.1701446,3.4435,6.72183,0,0,0
1540586506.2558043,3.4435,6.72183,,,
1540586506.3499932,3.44327,6.72209,,,
1540586506.4621346,3.44327,6.72209,,,
1540586506.5637555,3.44327,6.72209,,,
1540586506.6555102,3.44304,6.72261,,,
1540586506.7521594,3.44304,6.72261,,,
1540586506.8601458,3.44304,6.72261,,,
1540586506.9637508,3.44281,6.72261,,,
1540586507.0496852,3.44281,6.72287,,,
1540586507.1502001,3.44281,6.72287,,,
1540586507.2652466,3.4426,6.72287,0,0,0
1540586507.3595355,3.4426,6.72339,,,
1540586507.4556637,3.4426,6.72339,,,
1540586507.554188,3.4426,6.72339,,,
1540586507.6548402,3.44237,6.72363,,,
1540586507.7551744,3.44237,6.72363,,,
1540586507.8550923,3.44237,6.72363,,,
1540586507.955338,3.44206,6.72363,,,
1540586508.055712,3.44206,6.72415,,,
1540586508.1673088,3.44206,6.72415,0,0,0
1540586508.2727907,3.44183,6.72415,,,
1540586508.354013,3.44183,6.72493,,,
1540586508.4537184,3.44183,6.72493,,,
1540586508.5637267,3.44183,6.72493,,,
1540586508.667564,3.4416,6.72543,,,
1540586508.7564206,3.4416,6.72543,,,
1540586508.8547735,3.4416,6.72543,,,
1540586508.9610176,3.44138,6.72543,,,
1540586509.069274,3.44138,6.72595,,,
1540586509.1586978,3.44138,6.72595,0,0,0
1540586509.2547371,3.44138,6.72595,,,
1540586509.3568017,3.44115,6.72621,,,
1540586509.4598196,3.44115,6.72621,,,
1540586509.558867,3.44115,6.72621,,,
1540586509.6556082,3.44092,6.72673,,,
1540586509.7553325,3.44092,6.72673,,,
1540586509.876077,3.44092,6.72673,,,
1540586509.978682,3.4407,6.72673,,,
1540586510.061496,3.4407,6.72699,,,
1540586510.1561825,3.4407,6.72699,0,0,0
1540586510.2697082,3.4407,6.72699,,,
1540586510.373846,3.44048,6.72749,,,
1540586510.4627678,3.44048,6.72749,,,
1540586510.5595994,3.44048,6.72749,,,
1540586510.6692226,3.44025,6.72827,,,
1540586510.7737007,3.44025,6.72827,,,
1540586510.862796,3.44025,6.72827,,,
1540586510.9532192,3.44002,6.72827,,,
1540586511.0664268,3.44002,6.72879,,,
1540586511.169359,3.44002,6.72879,0,0,0
1540586511.27173,3.44002,6.72879,,,
1540586511.3683107,3.43979,6.72903,,,
1540586511.4648228,3.43979,6.72903,,,
1540586511.5863297,3.43979,6.72903,,,
1540586511.6852856,3.43956,6.72903,,,
1540586511.7687676,3.43956,6.72955,,,
1540586511.8650477,3.43956,6.72955,,,
1540586511.9819343,3.43933,6.72955,,,
1540586512.084464,3.43933,6.72981,,,
1540586512.168602,3.43933,6.72981,0,0,0
1540586512.266433,3.43933,6.72981,,,
1540586512.383906,3.4391,6.73033,,,
1540586512.486001,3.4391,6.73033,,,
1540586512.5726526,3.4391,6.73033,,,
1540586512.6693304,3.43889,6.73033,,,
1540586512.7779415,3.43889,6.73083,,,
1540586512.8784003,3.43889,6.73083,,,
1540586512.9693227,3.43866,6.73083,,,
1540586513.0666904,3.43866,6.73161,,,
1540586513.1678479,3.43866,6.73161,0,0,0
1540586513.2686017,3.43866,6.73161,,,
1540586513.3650417,3.43843,6.73187,,,
1540586513.4625995,3.43843,6.73187,,,
1540586513.5631757,3.43843,6.73187,,,
1540586513.6864438,3.4382,6.73213,,,
1540586513.7862775,3.4382,6.73213,,,
1540586513.868702,3.4382,6.73213,,,
1540586513.9646056,3.43797,6.73213,,,
1540586514.078709,3.43797,6.73289,,,
1540586514.1826525,3.43797,6.73289,0,0,0
1540586514.2675447,3.43797,6.73289,,,
1540586514.3658693,3.43774,6.73315,,,
1540586514.4749672,3.43774,6.73315,,,
1540586514.5745478,3.43774,6.73315,,,
1540586514.6705716,3.43752,6.73315,,,
1540586514.762749,3.43752,6.73341,,,
1540586514.8641427,3.43752,6.73341,,,
1540586514.9714456,3.43729,6.73341,,,
1540586515.0700803,3.43729,6.73393,,,
1540586515.2531502,3.43729,6.73393,,,
1540586515.4113169,3.40088,8.68758,,,
1540586515.5696375,3.40088,8.68758,,,
1540586515.7532632,3.37166,9.83069,,,
1540586515.9388797,3.37166,9.83069,,,
1540586516.0977852,3.36984,9.83583,,,
1540586516.2766006,3.36984,9.83583,,,
1540586516.4331584,3.36848,9.83969,,,
1540586516.5948532,3.36848,9.83969,,,
1540586516.7580376,3.36736,9.84355,,,
1540586516.8603148,3.36736,9.84355,0,0,0
1540586516.9608428,3.36736,9.84355,0,0,0
1540586517.062193,3.39816,8.10315,,,
1540586517.1564407,3.39816,8.10315,0,0,0
1540586517.2511623,3.39816,8.10315,,,
1540586517.3451593,3.43063,8.10315,,,
1540586517.4525304,3.43063,6.74654,,,
1540586517.5590477,3.43063,6.74654,,,
1540586517.6541169,3.4313,6.74654,,,
1540586517.7495985,3.4313,6.7455,,,
1540586517.8702848,3.4313,6.7455,,,
1540586517.9721906,3.4313,6.7455,,,
1540586518.0499382,3.43153,6.745,,,
1540586518.1546366,3.43153,6.745,,,
1540586518.263275,3.43153,6.745,0,0,0
1540586518.3642445,3.43161,6.745,,,
1540586518.452465,3.43161,6.745,,,
1540586518.552667,3.43161,6.745,,,
1540586518.6543837,3.43161,6.745,,,
1540586518.7591364,3.43161,6.745,,,
1540586518.8594134,3.43161,6.745,,,
1540586518.9510276,3.43161,6.745,,,
1540586519.0507076,3.43153,6.745,,,
1540586519.1527057,3.43153,6.745,,,
1540586519.2553034,3.43153,6.745,0,0,0
1540586519.3518958,3.43146,6.745,,,
1540586519.4506392,3.43146,6.74524,,,
1540586519.56791,3.43146,6.74524,,,
1540586519.655991,3.43146,6.74524,,,
1540586519.7523212,3.43138,6.7455,,,
1540586519.8518941,3.43138,6.7455,,,
1540586519.9628425,3.43138,6.7455,,,
1540586520.0660641,3.43123,6.7455,,,
1540586520.1544583,3.43123,6.7455,0,0,0
1540586520.2545393,3.43123,6.7455,,,
1540586520.3531153,3.43109,6.7455,,,
1540586520.46515,3.43109,6.74576,,,
1540586520.55451,3.43109,6.74576,,,
1540586520.653928,3.43109,6.74576,,,
1540586520.7573838,3.43094,6.74602,,,
1540586520.8781173,3.43094,6.74602,,,
1540586520.97571,3.43094,6.74602,,,
1540586521.056988,3.43079,6.74628,,,
1540586521.1538775,3.43079,6.74628,0,0,0
1540586521.2671692,3.43079,6.74628,,,
1540586521.364773,3.43063,6.74628,,,
1540586521.4560955,3.43063,6.7468,,,
1540586521.5558586,3.43063,6.7468,,,
1540586521.65522,3.43063,6.7468,,,
1540586521.7611341,3.43048,6.74704,,,
1540586521.8599713,3.43048,6.74704,,,
1540586521.957965,3.43048,6.74704,,,
1540586522.0585377,3.43025,6.74756,,,
1540586522.177846,3.43025,6.74756,0,0,0
1540586522.2821827,3.43025,6.74756,,,
1540586522.359665,3.4301,6.74756,,,
1540586522.4601324,3.4301,6.74808,,,
1540586522.5729594,3.4301,6.74808,,,
1540586522.67788,3.42995,6.74808,,,
1540586522.7627642,3.42995,6.74834,,,
1540586522.859756,3.42995,6.74834,,,
1540586522.9750044,3.42995,6.74834,,,
1540586523.0772686,3.42972,6.7486,,,
1540586523.1690261,3.42972,6.7486,0,0,0
1540586523.2605352,3.42972,6.7486,,,
1540586523.3664975,3.42957,6.7486,,,
1540586523.4762123,3.42957,6.7491,,,
1540586523.5696385,3.42957,6.7491,,,
1540586523.6621356,3.42957,6.7491,,,
1540586523.7659903,3.42934,6.74936,,,
1540586523.8694506,3.42934,6.74936,,,
1540586523.9666672,3.42934,6.74936,,,
1540586524.054675,3.4292,6.74962,,,
1540586524.1594777,3.4292,6.74962,0,0,0
1540586524.2628477,3.4292,6.74962,,,
1540586524.3568766,3.42897,6.74962,,,
1540586524.4720953,3.42897,6.75014,,,
1540586524.584477,3.42897,6.75014,,,
1540586524.6812994,3.42882,6.75014,,,
1540586524.7861056,3.42882,6.7504,,,
1540586524.8635986,3.42882,6.7504,,,
1540586524.9642754,3.42882,6.7504,,,
1540586525.06475,3.42859,6.75064,,,
1540586525.1787972,3.42859,6.75064,0,0,0
1540586525.2623293,3.42859,6.75064,,,
1540586525.3754256,3.42844,6.75064,,,
1540586525.4678366,3.42844,6.7509,,,
1540586525.5690618,3.42844,6.7509,,,
1540586525.668386,3.42844,6.7509,,,
1540586525.7696908,3.42821,6.75168,,,
1540586525.869565,3.42821,6.75168,,,
1540586525.9954667,3.42821,6.75168,,,
1540586526.091688,3.42805,6.7522,,,
1540586526.1701446,3.42805,6.7522,0,0,0
1540586526.2747085,3.42805,6.7522,,,
1540586526.3764167,3.42783,6.7522,,,
1540586526.4835355,3.42783,6.75244,,,
1540586526.5728064,3.42783,6.75244,,,
1540586526.669673,3.42783,6.75244,,,
1540586526.7818215,3.4276,6.75296,,,
1540586526.882204,3.4276,6.75296,,,
1540586526.976903,3.4276,6.75296,,,
1540586527.0710192,3.42737,6.75322,,,
1540586527.1668043,3.42737,6.75322,0,0,0
1540586527.2715049,3.42737,6.75322,,,
1540586527.3699474,3.42723,6.75322,,,
1540586527.4671888,3.42723,6.75348,,,
1540586527.594251,3.42723,6.75348,,,
1540586527.688043,3.42723,6.75348,,,
1540586527.7904782,3.427,6.754,,,
1540586527.8686793,3.427,6.754,,,
1540586527.968451,3.427,6.754,,,
1540586528.0811148,3.42677,6.7545,,,
1540586528.1871083,3.42677,6.7545,0,0,0
1540586528.2743216,3.42677,6.7545,,,
1540586528.3713264,3.42662,6.7545,,,
1540586528.4727862,3.42662,6.75502,,,
1540586528.5860357,3.42662,6.75502,,,
1540586528.67974,3.42662,6.75502,,,
1540586528.7754602,3.42639,6.75554,,,
1540586528.8775902,3.42639,6.75554,,,
1540586528.97895,3.42639,6.75554,,,
1540586529.0743952,3.42624,6.75554,,,
1540586529.176279,3.42624,6.7558,0,0,0
1540586529.27635,3.42624,6.7558,,,
1540586529.3899944,3.42601,6.7558,,,
1540586529.4970522,3.42601,6.75604,,,
1540586529.5813408,3.42601,6.75604,,,
1540586529.6748817,3.42601,6.75604,,,
1540586529.7862015,3.42578,6.75656,,,
1540586529.891712,3.42578,6.75656,,,
1540586529.9854076,3.42578,6.75656,,,
1540586530.080131,3.42555,6.75656,,,
1540586530.1904478,3.42555,6.75682,0,0,0
1540586530.286643,3.42555,6.75682,,,
1540586530.3836465,3.42534,6.75682,,,
1540586530.479253,3.42534,6.75734,,,
1540586530.5763054,3.42534,6.75734,,,
1540586530.6762981,3.42534,6.75734,,,
1540586530.780304,3.42519,6.7576,,,
1540586530.8771434,3.42519,6.7576,,,
1540586530.9784136,3.42519,6.7576,,,
1540586531.0921056,3.42496,6.75784,,,
1540586531.1950471,3.42496,6.75784,0,0,0
1540586531.2823534,3.42496,6.75784,,,
1540586531.3784719,3.42473,6.75784,,,
1540586531.4885318,3.42473,6.75836,,,
1540586531.5902631,3.42473,6.75836,,,
1540586531.6801178,3.42473,6.75836,,,
1540586531.7772267,3.4245,6.75914,,,
1540586531.8777986,3.4245,6.75914,,,
1540586531.9814165,3.4245,6.75914,,,
1540586532.0792363,3.42427,6.75914,,,
1540586532.178246,3.42427,6.75964,0,0,0
1540586532.2782207,3.42427,6.75964,,,
1540586532.3938653,3.42412,6.75964,,,
1540586532.4996579,3.42412,6.7599,,,
1540586532.5893998,3.42412,6.7599,,,
1540586532.6801062,3.42412,6.7599,,,
1540586532.7922251,3.42389,6.76016,,,
1540586532.899308,3.42389,6.76016,,,
1540586532.9830952,3.42389,6.76016,,,
1540586533.0790236,3.42366,6.76016,,,
1540586533.1890466,3.42366,6.76068,0,0,0
1540586533.293078,3.42366,6.76068,,,
1540586533.3815706,3.42366,6.76068,,,
1540586533.478862,3.42345,6.76094,,,
1540586533.5854697,3.42345,6.76094,,,
1540586533.6816092,3.42345,6.76094,,,
1540586533.788237,3.42322,6.76144,,,
1540586533.8892527,3.42322,6.76144,,,
1540586533.9850502,3.42322,6.76144,,,
1540586534.1016717,3.42307,6.76144,,,
1540586534.2058284,3.42307,6.7617,0,0,0
1540586534.284028,3.42307,6.7617,,,
1540586534.3836637,3.42307,6.7617,,,
1540586534.4932048,3.42284,6.76196,,,
1540586534.5847018,3.42284,6.76196,,,
1540586534.6818602,3.42284,6.76196,,,
1540586534.7822013,3.42261,6.76248,,,
1540586534.8949244,3.42261,6.76248,,,
1540586534.9954932,3.42261,6.76248,,,
1540586535.0887797,3.42238,6.76248,,,
1540586535.186996,3.42238,6.76324,0,0,0
1540586535.2871528,3.42238,6.76324,,,
1540586535.3950586,3.42215,6.76324,,,
1540586535.4852178,3.42215,6.76376,,,
1540586535.5855293,3.42215,6.76376,,,
1540586535.6848388,3.42215,6.76376,,,
1540586535.7871878,3.42192,6.76402,,,
1540586535.8856678,3.42192,6.76402,,,
1540586535.9854767,3.42192,6.76402,,,
1540586536.0840957,3.42169,6.76402,,,
1540586536.202867,3.42169,6.76454,0,0,0
1540586536.3085227,3.42169,6.76454,,,
1540586536.3844366,3.42169,6.76454,,,
1540586536.484726,3.42155,6.76505,,,
1540586536.5939767,3.42155,6.76505,,,
1540586536.6967876,3.42155,6.76505,,,
1540586536.790416,3.42133,6.76556,,,
1540586536.892643,3.42133,6.76556,,,
1540586536.9865913,3.42133,6.76556,,,
1540586537.0902898,3.4211,6.76556,,,
1540586537.1939206,3.4211,6.76608,0,0,0
1540586537.2939138,3.4211,6.76608,,,
1540586537.3886938,3.4211,6.76608,,,
1540586537.5079565,3.42087,6.76634,,,
1540586537.61104,3.42087,6.76634,,,
1540586537.6898062,3.42087,6.76634,,,
1540586537.789136,3.42064,6.76685,,,
1540586537.9034908,3.42064,6.76685,,,
1540586538.0035808,3.42064,6.76685,,,
1540586538.0939336,3.42041,6.76685,,,
1540586538.1892533,3.42041,6.76711,0,0,0
1540586538.2920206,3.42041,6.76711,,,
1540586538.4021611,3.42041,6.76711,,,
1540586538.4941356,3.42018,6.76762,,,
1540586538.5914001,3.42018,6.76762,,,
1540586538.6989176,3.42018,6.76762,,,
1540586538.7948742,3.42003,6.76788,,,
1540586538.8881924,3.42003,6.76788,,,
1540586538.987252,3.42003,6.76788,,,
1540586539.0881433,3.4198,6.76788,,,
1540586539.1922784,3.4198,6.76814,0,0,0
1540586539.286461,3.4198,6.76814,,,
1540586539.3929315,3.4198,6.76814,,,
1540586539.4932303,3.41959,6.76865,,,
1540586539.609283,3.41959,6.76865,,,
1540586539.7121778,3.41959,6.76865,,,
1540586539.795901,3.41936,6.76865,,,
1540586539.89422,3.41936,6.76942,,,
1540586539.9992824,3.41936,6.76942,,,
1540586540.1092546,3.41913,6.76942,,,
1540586540.1969883,3.41913,6.76994,0,0,0
1540586540.2916024,3.41913,6.76994,,,
1540586540.4066732,3.41913,6.76994,,,
1540586540.511598,3.41898,6.7702,,,
1540586540.6040335,3.41898,6.7702,,,
1540586540.7037477,3.41898,6.7702,,,
1540586540.80706,3.41875,6.77045,,,
1540586540.9119828,3.41875,6.77045,,,
1540586540.9962184,3.41875,6.77045,,,
1540586541.091719,3.41852,6.77045,,,
1540586541.1981065,3.41852,6.77097,0,0,0
1540586541.3072023,3.41852,6.77097,,,
1540586541.398634,3.41852,6.77097,,,
1540586541.4972649,3.41829,6.77122,,,
1540586541.5990345,3.41829,6.77122,,,
1540586541.7038796,3.41829,6.77122,,,
1540586541.8312488,3.41806,6.77122,,,
1540586541.9008992,3.41806,6.77174,,,
1540586541.997261,3.41806,6.77174,,,
1540586542.0970864,3.41783,6.77174,,,
1540586542.1940734,3.41783,6.772,0,0,0
1540586542.2973,3.41783,6.772,,,
1540586542.3975022,3.41783,6.772,,,
1540586542.5089536,3.41762,6.77251,,,
1540586542.5935893,3.41762,6.77251,,,
1540586542.6950128,3.41762,6.77251,,,
1540586542.79795,3.41739,6.77251,,,
1540586542.904262,3.41739,6.77303,,,
1540586543.0094671,3.41739,6.77303,,,
1540586543.0974753,3.41716,6.77303,,,
1540586543.1961129,3.41716,6.77303,0,0,0
1540586543.2991467,3.41716,6.77303,,,
1540586543.4097774,3.41716,6.77303,,,
1540586543.50964,3.41693,6.77354,,,
1540586543.6087434,3.41693,6.77354,,,
1540586543.6996133,3.41693,6.77354,,,
1540586543.8178518,3.41678,6.77354,,,
1540586543.901895,3.41678,6.77431,,,
1540586544.004437,3.41678,6.77431,,,
1540586544.097502,3.41678,6.77431,,,
1540586544.2223313,3.41655,6.77483,0,0,0
1540586544.301035,3.41655,6.77483,,,
1540586544.3972497,3.41655,6.77483,,,
1540586544.4978292,3.41632,6.7756,,,
1540586544.6116138,3.41632,6.7756,,,
1540586544.7222517,3.41632,6.7756,,,
1540586544.8041933,3.41609,6.7756,,,
1540586544.8986957,3.41609,6.77611,,,
1540586545.0061138,3.41609,6.77611,,,
1540586545.1112838,3.41586,6.77611,,,
1540586545.202063,3.41586,6.77637,0,0,0
1540586545.3011067,3.41586,6.77637,,,
1540586545.3993728,3.41586,6.77637,,,
1540586545.5003982,3.41565,6.77689,,,
1540586545.5987136,3.41565,6.77689,,,
1540586545.6999958,3.41565,6.77689,,,
1540586545.7987418,3.41542,6.77689,,,
1540586545.9144917,3.41542,6.77715,,,
1540586546.0219195,3.41542,6.77715,,,
1540586546.1001945,3.41542,6.77715,,,
1540586546.1999216,3.41519,6.7774,0,0,0
1540586546.3051074,3.41519,6.7774,,,
1540586546.4124358,3.41519,6.7774,,,
1540586546.5045962,3.41504,6.77791,,,
1540586546.6040313,3.41504,6.77791,,,
1540586546.7005665,3.41504,6.77791,,,
1540586546.80257,3.41481,6.77791,,,
1540586546.9014523,3.41481,6.77817,,,
1540586547.003819,3.41481,6.77817,,,
1540586547.1010852,3.41481,6.77817,,,
1540586547.2233522,3.41458,6.77869,0,0,0
1540586547.3259618,3.41458,6.77869,,,
1540586547.4027166,3.41458,6.77869,,,
1540586547.500767,3.41435,6.77921,,,
1540586547.6117096,3.41435,6.77921,,,
1540586547.7159073,3.41435,6.77921,,,
1540586547.8070796,3.41412,6.77921,,,
1540586547.9042163,3.41412,6.77921,,,
1540586548.0062025,3.41412,6.77921,,,
1540586548.118219,3.41389,6.77921,,,
1540586548.2085578,3.41389,6.77971,0,0,0
1540586548.304129,3.41389,6.77971,,,
1540586548.4048977,3.41389,6.77971,,,
1540586548.5070748,3.41368,6.78049,,,
1540586548.6088765,3.41368,6.78049,,,
1540586548.7095528,3.41368,6.78049,,,
1540586548.8073728,3.41345,6.78049,,,
1540586548.929848,3.41345,6.78101,,,
1540586549.048237,3.41345,6.78101,,,
1540586549.1208382,3.41345,6.78101,,,
1540586549.2118096,3.41322,6.78127,0,0,0
1540586549.3183196,3.41322,6.78127,,,
1540586549.4297576,3.41322,6.78127,,,
1540586549.5077229,3.41299,6.78177,,,
1540586549.609031,3.41299,6.78177,,,
1540586549.7099047,3.41299,6.78177,,,
1540586549.8279736,3.41277,6.78177,,,
1540586549.9227917,3.41277,6.78203,,,
1540586550.013121,3.41277,6.78203,,,
1540586550.1062174,3.41277,6.78203,,,
1540586550.2100618,3.41261,6.78255,0,0,0
1540586550.3091047,3.41261,6.78255,,,
1540586550.4067707,3.41261,6.78255,,,
1540586550.5059235,3.41238,6.78255,,,
1540586550.6284206,3.41238,6.78281,,,
1540586550.731717,3.41238,6.78281,,,
1540586550.814489,3.41216,6.78281,,,
1540586550.9127746,3.41216,6.78331,,,
1540586551.0201335,3.41216,6.78331,,,
1540586551.1201534,3.41216,6.78331,,,
1540586551.2155292,3.41194,6.78357,0,0,0
1540586551.312245,3.41194,6.78357,,,
1540586551.4115458,3.41194,6.78357,,,
1540586551.5129282,3.41171,6.78357,,,
1540586551.6126685,3.41171,6.78409,,,
1540586551.7143154,3.41171,6.78409,,,
1540586551.8146489,3.41148,6.78409,,,
1540586551.9366984,3.41148,6.78487,,,
1540586552.0506208,3.41148,6.78487,,,
1540586552.1333363,3.41148,6.78487,,,
1540586552.215295,3.41125,6.78537,0,0,0
1540586552.3329449,3.41125,6.78537,,,
1540586552.4436116,3.41125,6.78537,,,
1540586552.5145504,3.41103,6.78537,,,
1540586552.6130724,3.41103,6.78563,,,
1540586552.7196956,3.41103,6.78563,,,
1540586552.8270946,3.4108,6.78563,,,
1540586552.918189,3.4108,6.78615,,,
1540586553.019357,3.4108,6.78615,,,
1540586553.1171656,3.4108,6.78615,,,
1540586553.2237155,3.41057,6.78691,0,0,0
1540586553.3193827,3.41057,6.78691,,,
1540586553.4171615,3.41057,6.78691,,,
1540586553.5166476,3.41034,6.78691,,,
1540586553.6428404,3.41034,6.78717,,,
1540586553.7392876,3.41034,6.78717,,,
1540586553.8260727,3.41019,6.78717,,,
1540586553.918125,3.41019,6.78769,,,
1540586554.0278904,3.41019,6.78769,,,
1540586554.116031,3.41019,6.78769,,,
1540586554.2153823,3.40997,6.78795,0,0,0
1540586554.3156443,3.40997,6.78795,,,
1540586554.428788,3.40997,6.78795,,,
1540586554.5336354,3.40974,6.78795,,,
1540586554.6214612,3.40974,6.78847,,,
1540586554.7224138,3.40974,6.78847,,,
1540586554.8216093,3.40952,6.78847,,,
1540586554.9286497,3.40952,6.78871,,,
1540586555.0515513,3.40952,6.78871,,,
1540586555.12475,3.40952,6.78871,,,
1540586555.2228227,3.40929,6.78923,0,0,0
1540586555.3407545,3.40929,6.78923,,,
1540586555.4226656,3.40929,6.78923,,,
1540586555.5230634,3.40906,6.78923,,,
1540586555.625775,3.40906,6.78949,,,
1540586555.733223,3.40906,6.78949,,,
1540586555.8390226,3.40883,6.78949,,,
1540586555.9270067,3.40883,6.79001,,,
1540586556.0224907,3.40883,6.79001,,,
1540586556.123287,3.40883,6.79001,,,
1540586556.22879,3.4086,6.79051,0,0,0
1540586556.3233054,3.4086,6.79051,,,
1540586556.429804,3.4086,6.79051,,,
1540586556.52343,3.40837,6.79051,,,
1540586556.6419704,3.40837,6.79129,,,
1540586556.7471728,3.40837,6.79129,,,
1540586556.828076,3.40814,6.79129,,,
1540586556.9244204,3.40814,6.79155,,,
1540586557.0339868,3.40814,6.79155,,,
1540586557.1401439,3.40814,6.79155,,,
1540586557.2320638,3.40793,6.79181,0,0,0
1540586557.3284836,3.40793,6.79181,,,
1540586557.4245353,3.40793,6.79181,,,
1540586557.529394,3.40778,6.79181,,,
1540586557.6264136,3.40778,6.79231,,,
1540586557.7242634,3.40778,6.79231,,,
1540586557.8373597,3.40755,6.79231,,,
1540586557.9506612,3.40755,6.79257,,,
1540586558.027459,3.40755,6.79257,,,
1540586558.1239438,3.40755,6.79257,,,
1540586558.2272115,3.40732,6.79309,0,0,0
1540586558.3372436,3.40732,6.79309,,,
1540586558.4413934,3.40732,6.79309,,,
1540586558.530922,3.40709,6.79309,,,
1540586558.6297956,3.40709,6.79361,,,
1540586558.7277908,3.40709,6.79361,,,
1540586558.8311458,3.40709,6.79361,,,
1540586558.9268064,3.40686,6.79361,,,
1540586559.0314515,3.40686,6.79361,,,
1540586559.1292949,3.40686,6.79361,,,
1540586559.2461598,3.40663,6.79411,0,0,0
1540586559.3554008,3.40663,6.79411,,,
1540586559.4364414,3.40663,6.79411,,,
1540586559.5251312,3.4064,6.79411,,,
1540586559.6429584,3.4064,6.79489,,,
1540586559.7482536,3.4064,6.79489,,,
1540586559.8375227,3.4064,6.79489,,,
1540586559.9318328,3.40619,6.79541,,,
1540586560.037262,3.40619,6.79541,,,
1540586560.1476455,3.40619,6.79541,,,
1540586560.2358,3.40596,6.79567,0,0,0
1540586560.3306155,3.40596,6.79567,,,
1540586560.4328723,3.40596,6.79567,,,
1540586560.5352232,3.40581,6.79567,,,
1540586560.6327648,3.40581,6.79617,,,
1540586560.7332673,3.40581,6.79617,,,
1540586560.8329904,3.40581,6.79617,,,
1540586560.9514358,3.40558,6.79643,,,
1540586561.0604525,3.40558,6.79643,,,
1540586561.1365042,3.40558,6.79643,0,0,0
1540586561.228792,3.40535,6.79695,,,
1540586561.3398435,3.40535,6.79695,,,
1540586561.4495356,3.40535,6.79695,,,
1540586561.5423093,3.40512,6.79695,,,
1540586561.6364958,3.40512,6.79721,,,
1540586561.7371972,3.40512,6.79721,,,
1540586561.8410711,3.40512,6.79721,,,
1540586561.9304373,3.40489,6.79797,,,
1540586562.0304666,3.40489,6.79797,,,
1540586562.1578255,3.40489,6.79797,,,
1540586562.2444513,3.40466,6.79849,0,0,0
1540586562.3362875,3.40466,6.79849,,,
1540586562.4351606,3.40466,6.79849,,,
1540586562.5355928,3.40443,6.79849,,,
1540586562.6494317,3.40443,6.79875,,,
1540586562.7561045,3.40443,6.79875,,,
1540586562.848902,3.40443,6.79875,,,
1540586562.9383214,3.40422,6.79901,,,
1540586563.0379899,3.40422,6.79901,,,
1540586563.1418703,3.40422,6.79901,,,
1540586563.2363937,3.40399,6.79951,0,0,0
1540586563.336536,3.40399,6.79951,,,
1540586563.4371753,3.40399,6.79951,,,
1540586563.5393693,3.40376,6.79951,,,
1540586563.6437473,3.40376,6.79977,,,
1540586563.7426965,3.40376,6.79977,,,
1540586563.8426642,3.40376,6.79977,,,
1540586563.9526947,3.40353,6.80029,,,
1540586564.059266,3.40353,6.80029,,,
1540586564.1450338,3.40353,6.80029,0,0,0
1540586564.2463007,3.40331,6.80029,,,
1540586564.344828,3.40331,6.80107,,,
1540586564.4568126,3.40331,6.80107,,,
1540586564.5410137,3.40308,6.80107,,,
1540586564.636374,3.40308,6.80157,,,
1540586564.7428014,3.40308,6.80157,,,
1540586564.84579,3.40308,6.80157,,,
1540586564.9401467,3.40292,6.80183,,,
1540586565.0419743,3.40292,6.80183,,,
1540586565.1428356,3.40292,6.80183,,,
1540586565.2444627,3.40262,6.80235,0,0,0
1540586565.350538,3.40262,6.80235,,,
1540586565.4407387,3.40262,6.80235,,,
1540586565.544273,3.40247,6.80235,,,
1540586565.65899,3.40247,6.80261,,,
1540586565.7750757,3.40247,6.80261,,,
1540586565.8617117,3.40247,6.80261,,,
1540586565.943303,3.40225,6.80312,,,
1540586566.0527499,3.40225,6.80312,,,
1540586566.1596158,3.40225,6.80312,,,
1540586566.2469678,3.40202,6.80312,0,0,0
1540586566.343933,3.40202,6.80338,,,
1540586566.4452038,3.40202,6.80338,,,
1540586566.5472052,3.40179,6.80338,,,
1540586566.6531525,3.40179,6.80363,,,
1540586566.7548058,3.40179,6.80363,,,
1540586566.8450398,3.40179,6.80363,,,
1540586566.9646616,3.40157,6.80415,,,
1540586567.0680785,3.40157,6.80415,,,
1540586567.1503441,3.40157,6.80415,0,0,0
1540586567.2477446,3.40134,6.80415,,,
1540586567.3518429,3.40134,6.80467,,,
1540586567.4643645,3.40134,6.80467,,,
1540586567.552993,3.40111,6.80467,,,
1540586567.6486542,3.40111,6.80544,,,
1540586567.7485635,3.40111,6.80544,,,
1540586567.8521063,3.40111,6.80544,,,
1540586567.9466362,3.40088,6.80595,,,
1540586568.0496178,3.40088,6.80595,,,
1540586568.148355,3.40088,6.80595,,,
1540586568.2678971,3.40065,6.80621,0,0,0
1540586568.3761566,3.40065,6.80621,,,
1540586568.4531305,3.40065,6.80621,,,
1540586568.5454178,3.40044,6.80621,,,
1540586568.655937,3.40044,6.80672,,,
1540586568.765808,3.40044,6.80672,,,
1540586568.851457,3.40044,6.80672,,,
1540586568.947216,3.40021,6.80698,,,
1540586569.0508597,3.40021,6.80698,,,
1540586569.1572592,3.40021,6.80698,,,
1540586569.2535017,3.40005,6.80698,0,0,0
1540586569.3486087,3.40005,6.80724,,,
1540586569.447023,3.40005,6.80724,,,
1540586569.578744,3.39983,6.80724,,,
1540586569.6791272,3.39983,6.80801,,,
1540586569.7573316,3.39983,6.80801,,,
1540586569.8571398,3.39983,6.80801,,,
1540586569.962849,3.3996,6.80852,,,
1540586570.0915928,3.3996,6.80852,,,
1540586570.2034712,3.3996,6.80852,0,0,0
1540586570.266905,3.39937,6.80852,,,
1540586570.358749,3.39937,6.80904,,,
1540586570.4627445,3.39937,6.80904,,,
1540586570.5623555,3.39914,6.80904,,,
1540586570.6572657,3.39914,6.8093,,,
1540586570.7560074,3.39914,6.8093,,,
1540586570.8785405,3.39914,6.8093,,,
1540586570.9861076,3.39891,6.80981,,,
1540586571.0650942,3.39891,6.80981,,,
1540586571.160683,3.39891,6.80981,0,0,0
1540586571.274122,3.39868,6.81058,,,
1540586571.3889592,3.39868,6.81058,,,
1540586571.4681363,3.39868,6.81058,,,
1540586571.5659058,3.39847,6.81058,,,
1540586571.6636667,3.39847,6.8111,,,
1540586571.7728841,3.39847,6.8111,,,
1540586571.8633213,3.39847,6.8111,,,
1540586571.9614756,3.39824,6.81136,,,
1540586572.060425,3.39824,6.81136,,,
1540586572.1959093,3.39824,6.81136,0,0,0
1540586572.291263,3.39801,6.81136,,,
1540586572.3650792,3.39801,6.81187,,,
1540586572.4639997,3.39801,6.81187,,,
1540586572.5804424,3.39778,6.81187,,,
1540586572.6787744,3.39778,6.81212,,,
1540586572.7673328,3.39778,6.81212,,,
1540586572.862136,3.39778,6.81212,,,
1540586572.964811,3.39755,6.81238,,,
1540586573.0664988,3.39755,6.81238,,,
1540586573.1639228,3.39755,6.81238,0,0,0
1540586573.262043,3.3974,6.81238,,,
1540586573.360889,3.3974,6.81316,,,
1540586573.4833386,3.3974,6.81316,,,
1540586573.5909743,3.39717,6.81316,,,
1540586573.6647913,3.39717,6.81316,,,
1540586573.7909372,3.39717,6.81316,,,
1540586573.8812864,3.39717,6.81316,,,
1540586573.9867911,3.39694,6.81367,,,
1540586574.0705097,3.39694,6.81367,,,
1540586574.1668727,3.39694,6.81367,0,0,0
1540586574.2784503,3.39671,6.81367,,,
1540586574.3881247,3.39671,6.81444,,,
1540586574.4713967,3.39671,6.81444,,,
1540586574.573224,3.39671,6.81444,,,
1540586574.6736279,3.3965,6.81496,,,
1540586574.7836208,3.3965,6.81496,,,
1540586574.8718534,3.3965,6.81496,,,
1540586574.9678557,3.39627,6.81522,,,
1540586575.067158,3.39627,6.81522,,,
1540586575.177514,3.39627,6.81522,0,0,0
1540586575.2765899,3.39604,6.81522,,,
1540586575.3701227,3.39604,6.81572,,,
1540586575.4685602,3.39604,6.81572,,,
1540586575.5922213,3.39581,6.81572,,,
1540586575.6963317,3.39581,6.81598,,,
1540586575.7698805,3.39581,6.81598,,,
1540586575.8672354,3.39581,6.81598,,,
1540586575.977849,3.39566,6.8165,,,
1540586576.0862858,3.39566,6.8165,,,
1540586576.176276,3.39566,6.8165,0,0,0
1540586576.2726111,3.39543,6.8165,,,
1540586576.3703134,3.39543,6.81676,,,
1540586576.47893,3.39543,6.81676,,,
1540586576.583666,3.39543,6.81676,,,
1540586576.672973,3.3952,6.81728,,,
1540586576.7708704,3.3952,6.81728,,,
1540586576.890387,3.3952,6.81728,,,
1540586576.9965987,3.39497,6.81752,,,
1540586577.0744998,3.39497,6.81752,,,
1540586577.1723292,3.39497,6.81752,0,0,0
1540586577.2847362,3.39474,6.81752,,,
1540586577.389217,3.39474,6.81804,,,
1540586577.4739652,3.39474,6.81804,,,
1540586577.5724123,3.39474,6.81804,,,
1540586577.6773276,3.39453,6.81882,,,
1540586577.7874672,3.39453,6.81882,,,
1540586577.8743744,3.39453,6.81882,,,
1540586577.973064,3.3943,6.81932,,,
1540586578.0752337,3.3943,6.81932,,,
1540586578.1865408,3.3943,6.81932,0,0,0
1540586578.2753162,3.39407,6.81932,,,
1540586578.3730123,3.39407,6.81958,,,
1540586578.4710805,3.39407,6.81958,,,
1540586578.5796833,3.39407,6.81958,,,
1540586578.6805074,3.39384,6.8201,,,
1540586578.7746367,3.39384,6.8201,,,
1540586578.8764598,3.39384,6.8201,,,
1540586579.0009072,3.39362,6.82036,,,
1540586579.102947,3.39362,6.82036,,,
1540586579.1773176,3.39362,6.82036,0,0,0
1540586579.2763598,3.39339,6.82036,,,
1540586579.3911178,3.39339,6.82062,,,
1540586579.4940526,3.39339,6.82062,,,
1540586579.5828168,3.39339,6.82062,,,
1540586579.679762,3.39316,6.82138,,,
1540586579.7827585,3.39316,6.82138,,,
1540586579.8877897,3.39316,6.82138,,,
1540586579.982226,3.39293,6.8219,,,
1540586580.0813484,3.39293,6.8219,,,
1540586580.1789806,3.39293,6.8219,0,0,0
1540586580.285799,3.39272,6.8219,,,
1540586580.38465,3.39272,6.82242,,,
1540586580.479787,3.39272,6.82242,,,
1540586580.5791152,3.39272,6.82242,,,
1540586580.6986024,3.39249,6.82268,,,
1540586580.8075578,3.39249,6.82268,,,
1540586580.8825595,3.39249,6.82268,,,
1540586580.9807425,3.39226,6.82268,,,
1540586581.103429,3.39226,6.82318,,,
1540586581.2013779,3.39226,6.82318,0,0,0
1540586581.2855105,3.39211,6.82318,,,
1540586581.384494,3.39211,6.82396,,,
1540586581.490218,3.39211,6.82396,,,
1540586581.6003067,3.39211,6.82396,,,
1540586581.685852,3.39188,6.82448,,,
1540586581.7853625,3.39188,6.82448,,,
1540586581.8888297,3.39188,6.82448,,,
1540586581.993121,3.39165,6.82448,,,
1540586582.087191,3.39165,6.82448,,,
1540586582.1819575,3.39165,6.82448,0,0,0
1540586582.2815952,3.39142,6.82448,,,
1540586582.4073803,3.39142,6.82498,,,
1540586582.4880702,3.39142,6.82498,,,
1540586582.587237,3.39142,6.82498,,,
1540586582.6860232,3.39119,6.8255,,,
1540586582.8003044,3.39119,6.8255,,,
1540586582.909354,3.39119,6.8255,,,
1540586582.9892356,3.39096,6.8255,,,
1540586583.0863805,3.39096,6.82576,,,
1540586583.197734,3.39096,6.82576,0,0,0
1540586583.3050582,3.39075,6.82576,,,
1540586583.3999655,3.39075,6.82628,,,
1540586583.4854326,3.39075,6.82628,,,
1540586583.589779,3.39075,6.82628,,,
1540586583.6919837,3.39052,6.82652,,,
1540586583.7910452,3.39052,6.82652,,,
1540586583.8905652,3.39052,6.82652,,,
1540586583.9911609,3.39029,6.82652,,,
1540586584.1160302,3.39029,6.82704,,,
1540586584.2217152,3.39029,6.82704,0,0,0
1540586584.2913828,3.39006,6.82704,,,
1540586584.3901072,3.39006,6.82756,,,
1540586584.501316,3.39006,6.82756,,,
1540586584.6087048,3.39006,6.82756,,,
1540586584.7047894,3.38983,6.82808,,,
1540586584.7956283,3.38983,6.82808,,,
1540586584.8953316,3.38983,6.82808,,,
1540586584.99871,3.38968,6.82808,,,
1540586585.099549,3.38968,6.82858,,,
1540586585.1987302,3.38968,6.82858,0,0,0
1540586585.3055744,3.38945,6.82858,,,
1540586585.42204,3.38945,6.82884,,,
1540586585.5226219,3.38945,6.82884,,,
1540586585.594747,3.38945,6.82884,,,
1540586585.6933315,3.38922,6.82936,,,
1540586585.803544,3.38922,6.82936,,,
1540586585.914547,3.38922,6.82936,,,
1540586585.9944758,3.38899,6.82936,,,
1540586586.093316,3.38899,6.82962,,,
1540586586.1955502,3.38899,6.82962,0,0,0
1540586586.3035793,3.38878,6.82962,,,
1540586586.3991401,3.38878,6.83012,,,
1540586586.4956264,3.38878,6.83012,,,
1540586586.5932586,3.38878,6.83012,,,
1540586586.6952121,3.38855,6.83038,,,
1540586586.7969704,3.38855,6.83038,,,
1540586586.8955815,3.38855,6.83038,,,
1540586586.9948308,3.38832,6.83038,,,
1540586587.1097748,3.38832,6.8309,,,
1540586587.218896,3.38832,6.8309,0,0,0
1540586587.2958486,3.38832,6.8309,,,
1540586587.395694,3.38809,6.83142,,,
1540586587.506176,3.38809,6.83142,,,
1540586587.609987,3.38809,6.83142,,,
1540586587.7142718,3.38786,6.83218,,,
1540586587.8075035,3.38786,6.83218,,,
1540586587.9084175,3.38786,6.83218,,,
1540586588.0271938,3.38763,6.8327,,,
1540586588.141584,3.38763,6.8327,,,
1540586588.2116492,3.38763,6.8327,0,0,0
1540586588.3022752,3.38763,6.8327,,,
1540586588.421405,3.38741,6.8327,,,
1540586588.5051637,3.38741,6.8327,,,
1540586588.6079085,3.38741,6.8327,,,
1540586588.7050996,3.38718,6.83348,,,
1540586588.8154635,3.38718,6.83348,,,
1540586588.940378,3.38718,6.83348,,,
1540586589.0118768,3.38696,6.83348,,,
1540586589.1057563,3.38696,6.83424,,,
1540586589.211361,3.38696,6.83424,0,0,0
1540586589.3210015,3.38673,6.83424,,,
1540586589.411266,3.38673,6.8345,,,
1540586589.510021,3.38673,6.8345,,,
1540586589.6107943,3.38673,6.8345,,,
1540586589.7208345,3.38651,6.83502,,,
1540586589.8081784,3.38651,6.83502,,,
1540586589.9062355,3.38651,6.83502,,,
1540586590.0086765,3.38628,6.83502,,,
1540586590.1101062,3.38628,6.83528,,,
1540586590.217025,3.38628,6.83528,0,0,0
1540586590.3112073,3.38628,6.83528,,,
1540586590.4105873,3.38605,6.83578,,,
1540586590.527888,3.38605,6.83578,,,
1540586590.6156464,3.38605,6.83578,,,
1540586590.7129688,3.38582,6.83604,,,
1540586590.8068547,3.38582,6.83604,,,
1540586590.9228694,3.38582,6.83604,,,
1540586591.0263891,3.38567,6.83604,,,
1540586591.1145892,3.38567,6.83656,,,
1540586591.209849,3.38567,6.83656,0,0,0
1540586591.3152857,3.38567,6.83656,,,
1540586591.4233823,3.38536,6.83733,,,
1540586591.510485,3.38536,6.83733,,,
1540586591.6098344,3.38536,6.83733,,,
1540586591.718738,3.38521,6.83784,,,
1540586591.8218338,3.38521,6.83784,,,
1540586591.9210064,3.38521,6.83784,,,
1540586592.0227008,3.38499,6.83784,,,
1540586592.1109684,3.38499,6.8381,,,
1540586592.2124307,3.38499,6.8381,0,0,0
1540586592.3115377,3.38499,6.8381,,,
1540586592.4126341,3.38477,6.83862,,,
1540586592.5263479,3.38477,6.83862,,,
1540586592.63367,3.38477,6.83862,,,
1540586592.733501,3.38454,6.83888,,,
1540586592.8160052,3.38454,6.83888,,,
1540586592.912212,3.38454,6.83888,,,
1540586593.0211337,3.38431,6.83888,,,
1540586593.1266253,3.38431,6.83913,,,
1540586593.2103672,3.38431,6.83913,0,0,0
1540586593.3158243,3.38431,6.83913,,,
1540586593.415321,3.38408,6.83965,,,
1540586593.5204668,3.38408,6.83965,,,
1540586593.624388,3.38408,6.83965,,,
1540586593.715967,3.38385,6.8399,,,
1540586593.8139625,3.38385,6.8399,,,
1540586593.9322078,3.38385,6.8399,,,
1540586594.0396771,3.38362,6.8399,,,
1540586594.1185598,3.38362,6.84042,,,
1540586594.2123108,3.38362,6.84042,0,0,0
1540586594.3260312,3.38362,6.84042,,,
1540586594.430007,3.38339,6.84119,,,
1540586594.5208812,3.38339,6.84119,,,
1540586594.6143577,3.38339,6.84119,,,
1540586594.7184174,3.38316,6.84171,,,
1540586594.8292177,3.38316,6.84171,,,
1540586594.9185271,3.38316,6.84171,,,
1540586595.0154197,3.38295,6.84171,,,
1540586595.1170828,3.38295,6.84222,,,
1540586595.2193472,3.38295,6.84222,0,0,0
1540586595.3301756,3.38295,6.84222,,,
1540586595.4304671,3.38272,6.84248,,,
1540586595.5367727,3.38272,6.84248,,,
1540586595.6314886,3.38272,6.84248,,,
1540586595.7413752,3.38249,6.84248,,,
1540586595.8225057,3.38249,6.84273,,,
1540586595.9170346,3.38249,6.84273,,,
1540586596.0241609,3.38226,6.84273,,,
1540586596.1346633,3.38226,6.84325,,,
1540586596.2226036,3.38226,6.84325,0,0,0
1540586596.3180184,3.38226,6.84325,,,
1540586596.4242349,3.38203,6.84351,,,
1540586596.531907,3.38203,6.84351,,,
1540586596.620199,3.38203,6.84351,,,
1540586596.725076,3.38181,6.84351,,,
1540586596.8200579,3.38181,6.84402,,,
1540586596.9217496,3.38181,6.84402,,,
1540586597.021728,3.38158,6.84402,,,
1540586597.1205168,3.38158,6.84428,,,
1540586597.219317,3.38158,6.84428,0,0,0
1540586597.3378544,3.38158,6.84428,,,
1540586597.445224,3.38135,6.84479,,,
1540586597.5250626,3.38135,6.84479,,,
1540586597.6224031,3.38135,6.84479,,,
1540586597.7298956,3.38113,6.84583,,,
1540586597.8396428,3.38113,6.84583,,,
1540586597.917738,3.38113,6.84583,,,
1540586598.0210066,3.38091,6.84583,,,
1540586598.1211386,3.38091,6.84659,,,
1540586598.223469,3.38091,6.84659,0,0,0
1540586598.3217006,3.38091,6.84659,,,
1540586598.4234478,3.38068,6.84685,,,
1540586598.5207372,3.38068,6.84685,,,
1540586598.6378288,3.38068,6.84685,,,
1540586598.7478561,3.38045,6.84685,,,
1540586598.8283007,3.38045,6.84737,,,
1540586598.9253688,3.38045,6.84737,,,
1540586599.0298946,3.38022,6.84737,,,
1540586599.1388345,3.38022,6.84763,,,
1540586599.2295356,3.38022,6.84763,0,0,0
1540586599.323962,3.38022,6.84763,,,
1540586599.4253585,3.37999,6.84813,,,
1540586599.5266485,3.37999,6.84813,,,
1540586599.626901,3.37999,6.84813,,,
1540586599.724018,3.37976,6.84813,,,
1540586599.8247638,3.37976,6.84839,,,
1540586599.945254,3.37976,6.84839,,,
1540586600.052554,3.37953,6.84839,,,
1540586600.129901,3.37953,6.84891,,,
1540586600.22373,3.37953,6.84891,0,0,0
1540586600.3379269,3.37953,6.84891,,,
1540586600.4505782,3.3793,6.84917,,,
1540586600.5372205,3.3793,6.84917,,,
1540586600.6289754,3.3793,6.84917,,,
1540586600.745196,3.37909,6.84917,,,
1540586600.8523312,3.37909,6.84969,,,
1540586600.9329727,3.37909,6.84969,,,
1540586601.029282,3.37909,6.84969,,,
1540586601.1382787,3.37886,6.85045,,,
1540586601.2447593,3.37886,6.85045,0,0,0
1540586601.335754,3.37886,6.85045,,,
1540586601.430471,3.37863,6.85123,,,
1540586601.530835,3.37863,6.85123,,,
1540586601.6337159,3.37863,6.85123,,,
1540586601.7321994,3.3784,6.85123,,,
1540586601.8302765,3.3784,6.85123,,,
1540586601.930235,3.3784,6.85123,,,
1540586602.0298557,3.3784,6.85123,,,
1540586602.1307518,3.37817,6.85175,,,
1540586602.231257,3.37817,6.85175,0,0,0
1540586602.331887,3.37817,6.85175,,,
1540586602.4410346,3.37794,6.85225,,,
1540586602.5493612,3.37794,6.85225,,,
1540586602.6367118,3.37794,6.85225,,,
1540586602.731975,3.37772,6.85225,,,
1540586602.8361611,3.37772,6.85225,,,
1540586602.9386287,3.37772,6.85225,,,
1540586603.0362663,3.37772,6.85225,,,
1540586603.1328225,3.37749,6.85277,,,
1540586603.2313297,3.37749,6.85277,0,0,0
1540586603.332619,3.37749,6.85277,,,
1540586603.435021,3.37727,6.85329,,,
1540586603.5335877,3.37727,6.85329,,,
1540586603.6334543,3.37727,6.85329,,,
1540586603.7507257,3.37704,6.85329,,,
1540586603.851228,3.37704,6.85355,,,
1540586603.9392455,3.37704,6.85355,,,
1540586604.034141,3.37704,6.85355,,,
1540586604.1389139,3.37682,6.85431,,,
1540586604.2512558,3.37682,6.85431,0,0,0
1540586604.3411763,3.37682,6.85431,,,
1540586604.4320285,3.37659,6.85483,,,
1540586604.5331676,3.37659,6.85483,,,
1540586604.6390464,3.37659,6.85483,,,
1540586604.7383537,3.37636,6.85483,,,
1540586604.8353982,3.37636,6.85535,,,
1540586604.9330342,3.37636,6.85535,,,
1540586605.0358346,3.37636,6.85535,,,
1540586605.1403487,3.37613,6.85559,,,
1540586605.2333627,3.37613,6.85559,0,0,0
1540586605.3317456,3.37613,6.85559,,,
1540586605.4493597,3.3759,6.85611,,,
1540586605.560316,3.3759,6.85611,,,
1540586605.6354637,3.3759,6.85611,,,
1540586605.7332075,3.37567,6.85611,,,
1540586605.845563,3.37567,6.85637,,,
1540586605.9356043,3.37567,6.85637,,,
1540586606.0347116,3.37567,6.85637,,,
1540586606.135234,3.37544,6.85689,,,
1540586606.2472858,3.37544,6.85689,0,0,0
1540586606.3555753,3.37544,6.85689,,,
1540586606.446235,3.37523,6.85739,,,
1540586606.536936,3.37523,6.85739,,,
1540586606.636398,3.37523,6.85739,,,
1540586606.7545292,3.375,6.85739,,,
1540586606.8471115,3.375,6.85817,,,
1540586606.9416654,3.375,6.85817,,,
1540586607.0421019,3.375,6.85817,,,
1540586607.1652348,3.37477,6.85843,,,
1540586607.266347,3.37477,6.85843,0,0,0
1540586607.3403106,3.37477,6.85843,,,
1540586607.4416635,3.37454,6.85843,,,
1540586607.5593588,3.37454,6.85895,,,
1540586607.6547074,3.37454,6.85895,,,
1540586607.7483594,3.37431,6.85895,,,
1540586607.8461397,3.37431,6.85971,,,
1540586607.9501803,3.37431,6.85971,,,
1540586608.0483468,3.37431,6.85971,,,
1540586608.1437645,3.37408,6.86023,,,
1540586608.2432504,3.37408,6.86023,0,0,0
1540586608.3591049,3.37408,6.86023,,,
1540586608.4482203,3.37386,6.86075,,,
1540586608.5477335,3.37386,6.86075,,,
1540586608.6449215,3.37386,6.86075,,,
1540586608.7443604,3.37363,6.86075,,,
1540586608.8665767,3.37363,6.86099,,,
1540586608.9692779,3.37363,6.86099,,,
1540586609.04421,3.37363,6.86099,,,
1540586609.142154,3.37341,6.86151,,,
1540586609.2568953,3.37341,6.86151,0,0,0
1540586609.3605022,3.37341,6.86151,,,
1540586609.4421875,3.37318,6.86151,,,
1540586609.5447233,3.37318,6.86177,,,
1540586609.643374,3.37318,6.86177,,,
1540586609.7533176,3.37296,6.86177,,,
1540586609.8506613,3.37296,6.86229,,,
1540586609.9475288,3.37296,6.86229,,,
1540586610.0455124,3.37296,6.86229,,,
1540586610.1664112,3.37273,6.86305,,,
1540586610.2715902,3.37273,6.86305,0,0,0
1540586610.3445547,3.37273,6.86305,,,
1540586610.4428208,3.3725,6.86305,,,
1540586610.5574512,3.3725,6.86331,,,
1540586610.662433,3.3725,6.86331,,,
1540586610.747079,3.37227,6.86331,,,
1540586610.8451688,3.37227,6.86383,,,
1540586610.9498868,3.37227,6.86383,,,
1540586611.0558202,3.37227,6.86383,,,
1540586611.1475666,3.37204,6.86435,0,0,0
1540586611.2454257,3.37204,6.86435,,,
1540586611.3441525,3.37204,6.86435,,,
1540586611.4500873,3.37173,6.86435,,,
1540586611.550186,3.37173,6.86459,,,
1540586611.6467907,3.37173,6.86459,,,
1540586611.7465103,3.37173,6.86459,,,
1540586611.864524,3.37152,6.86511,,,
1540586611.971853,3.37152,6.86511,,,
1540586612.0526059,3.37152,6.86511,,,
1540586612.1470463,3.37129,6.86563,,,
1540586612.2535105,3.37129,6.86563,0,0,0
1540586612.36923,3.37129,6.86563,,,
1540586612.4543524,3.37106,6.86563,,,
1540586612.5480351,3.37106,6.86563,,,
1540586612.6524115,3.37106,6.86563,,,
1540586612.7529683,3.37083,6.86563,,,
1540586612.853526,3.37083,6.86639,,,
1540586612.9510968,3.37083,6.86639,,,
1540586613.0493963,3.37083,6.86639,,,
1540586613.1713908,3.37061,6.86717,,,
1540586613.278595,3.37061,6.86717,0,0,0
1540586613.385307,3.37061,6.86717,,,
1540586613.4539585,3.37038,6.86717,,,
1540586613.5573573,3.37038,6.86743,,,
1540586613.6718545,3.37038,6.86743,,,
1540586613.7522082,3.37038,6.86743,,,
1540586613.8509328,3.37015,6.86795,,,
1540586613.9519699,3.37015,6.86795,,,
1540586614.064281,3.37015,6.86795,,,
1540586614.1536927,3.36992,6.86845,0,0,0
1540586614.2498772,3.36992,6.86845,,,
1540586614.3493283,3.36992,6.86845,,,
1540586614.4553235,3.36969,6.86845,,,
1540586614.5582318,3.36969,6.86923,,,
1540586614.656038,3.36969,6.86923,,,
1540586614.7544565,3.36969,6.86923,,,
1540586614.8746092,3.36948,6.86975,,,
1540586614.9779594,3.36948,6.86975,,,
1540586615.054593,3.36948,6.86975,,,
1540586615.2515404,3.36818,7.10356,,,
1540586615.4108596,3.36818,7.10356,,,
1540586615.5934696,3.30362,10.0336,,,
1540586615.774866,3.30081,10.0336,,,
1540586615.932088,3.30081,10.0419,,,
1540586616.0884411,3.30081,10.0419,,,
1540586616.2411926,3.299,10.047,,,
1540586616.419496,3.299,10.047,,,
1540586616.5794141,3.29749,10.0519,,,
1540586616.735268,3.29749,10.0519,,,
1540586616.833935,3.29636,9.87956,0,0,0
1540586616.9381623,3.29636,9.87956,0,0,0
1540586617.0207458,3.29636,9.87956,,,
1540586617.1180127,3.36046,9.87956,,,
1540586617.225733,3.36046,6.88698,0,0,0
1540586617.3304708,3.36046,6.88698,,,
1540586617.4146552,3.36046,6.88698,,,
1540586617.515987,3.36227,6.88416,,,
1540586617.6203737,3.36227,6.88416,,,
1540586617.7197144,3.36227,6.88416,,,
1540586617.818111,3.36281,6.88416,,,
1540586617.9166224,3.36281,6.88286,,,
1540586618.0212417,3.36281,6.88286,,,
1540586618.1356418,3.36311,6.88286,,,
1540586618.2394516,3.36311,6.88235,0,0,0
1540586618.3231738,3.36311,6.88235,,,
1540586618.4223475,3.36311,6.88235,,,
1540586618.528684,3.36319,6.8821,,,
1540586618.6309617,3.36319,6.8821,,,
1540586618.7215037,3.36319,6.8821,,,
1540586618.8216841,3.36327,6.8821,,,
1540586618.9234426,3.36327,6.8821,,,
1540586619.0237036,3.36327,6.8821,,,
1540586619.121345,3.36327,6.8821,,,
1540586619.2213378,3.36327,6.8821,0,0,0
1540586619.3217454,3.36327,6.8821,,,
1540586619.4409897,3.36327,6.8821,,,
1540586619.5460434,3.36319,6.88235,,,
1540586619.631377,3.36319,6.88235,,,
1540586619.7266862,3.36319,6.88235,,,
1540586619.83622,3.36311,6.88235,,,
1540586619.9394143,3.36311,6.88235,,,
1540586620.023995,3.36311,6.88235,,,
1540586620.124568,3.36296,6.88235,,,
1540586620.2340736,3.36296,6.88286,0,0,0
1540586620.3345788,3.36296,6.88286,,,
1540586620.4244344,3.36296,6.88286,,,
1540586620.5242121,3.36281,6.88312,,,
1540586620.6244462,3.36281,6.88312,,,
1540586620.7260792,3.36281,6.88312,,,
1540586620.822428,3.36266,6.88312,,,
1540586620.923578,3.36266,6.88338,,,
1540586621.0260923,3.36266,6.88338,,,
1540586621.141581,3.36258,6.88338,,,
1540586621.2452428,3.36258,6.88338,0,0,0
1540586621.3291297,3.36258,6.88338,,,
1540586621.4295382,3.36258,6.88338,,,
1540586621.53819,3.36235,6.8839,,,
1540586621.6385782,3.36235,6.8839,,,
1540586621.726913,3.36235,6.8839,,,
1540586621.826821,3.3622,6.8839,,,
1540586621.929009,3.3622,6.8844,,,
1540586622.0289614,3.3622,6.8844,,,
1540586622.1258333,3.3622,6.8844,,,
1540586622.231864,3.36205,6.88492,0,0,0
1540586622.3368654,3.36205,6.88492,,,
1540586622.449543,3.36205,6.88492,,,
1540586622.5553582,3.36183,6.88518,,,
1540586622.63973,3.36183,6.88518,,,
1540586622.7372217,3.36183,6.88518,,,
1540586622.8494272,3.36168,6.88544,,,
1540586622.952486,3.36168,6.88544,,,
1540586623.0350876,3.36168,6.88544,,,
1540586623.1362,3.36145,6.88544,,,
1540586623.2463408,3.36145,6.88596,0,0,0
1540586623.3464,3.36145,6.88596,,,
1540586623.437926,3.36145,6.88596,,,
1540586623.539035,3.3613,6.8862,,,
1540586623.6478672,3.3613,6.8862,,,
1540586623.7439873,3.3613,6.8862,,,
1540586623.8398256,3.36107,6.8862,,,
1540586623.9286559,3.36107,6.88646,,,
1540586624.0363302,3.36107,6.88646,,,
1540586624.142795,3.36092,6.88646,,,
1540586624.2315972,3.36092,6.88672,0,0,0
1540586624.3370445,3.36092,6.88672,,,
1540586624.4321814,3.36092,6.88672,,,
1540586624.5339136,3.36069,6.8875,,,
1540586624.6642306,3.36069,6.8875,,,
1540586624.7335722,3.36069,6.8875,,,
1540586624.858797,3.36053,6.8875,,,
1540586624.9678614,3.36053,6.888,,,
1540586625.0546541,3.36053,6.888,,,
1540586625.1461432,3.36053,6.888,0,0,0
1540586625.2330186,3.36031,6.88826,,,
1540586625.3495517,3.36031,6.88826,,,
1540586625.4456587,3.36031,6.88826,,,
1540586625.5423431,3.36008,6.88852,,,
1540586625.6454306,3.36008,6.88852,,,
1540586625.7384908,3.36008,6.88852,,,
1540586625.8481596,3.35986,6.88852,,,
1540586625.9680507,3.35986,6.88904,,,
1540586626.0428042,3.35986,6.88904,,,
1540586626.1377625,3.35986,6.88904,,,
1540586626.2527034,3.35971,6.8893,0,0,0
1540586626.3675983,3.35971,6.8893,,,
1540586626.455847,3.35971,6.8893,,,
1540586626.540518,3.35948,6.88956,,,
1540586626.6417174,3.35948,6.88956,,,
1540586626.7462192,3.35948,6.88956,,,
1540586626.83992,3.35925,6.88956,,,
1540586626.9388583,3.35925,6.89032,,,
1540586627.0378067,3.35925,6.89032,,,
1540586627.168452,3.35925,6.89032,,,
1540586627.2758298,3.35902,6.89032,0,0,0
1540586627.3458753,3.35902,6.89032,,,
1540586627.4407322,3.35902,6.89032,,,
1540586627.5644004,3.3588,6.89084,,,
1540586627.6689255,3.3588,6.89084,,,
1540586627.7452075,3.3588,6.89084,,,
1540586627.8426368,3.35857,6.89084,,,
1540586627.957258,3.35857,6.8916,,,
1540586628.0619845,3.35857,6.8916,,,
1540586628.1450365,3.35857,6.8916,0,0,0
1540586628.2427177,3.35834,6.89212,,,
1540586628.346065,3.35834,6.89212,,,
1540586628.4539216,3.35834,6.89212,,,
1540586628.5495048,3.35818,6.8929,,,
1540586628.6492517,3.35818,6.8929,,,
1540586628.748412,3.35818,6.8929,,,
1540586628.8461928,3.35797,6.8929,,,
1540586628.9445426,3.35797,6.8934,,,
1540586629.045687,3.35797,6.8934,,,
1540586629.1428492,3.35797,6.8934,,,
1540586629.2650156,3.35774,6.89366,0,0,0
1540586629.3661873,3.35774,6.89366,,,
1540586629.45505,3.35774,6.89366,,,
1540586629.5447838,3.35751,6.89418,,,
1540586629.6566334,3.35751,6.89418,,,
1540586629.7655354,3.35751,6.89418,,,
1540586629.8419986,3.35728,6.89418,,,
1540586629.9419441,3.35728,6.89444,,,
1540586630.0669081,3.35728,6.89444,,,
1540586630.176097,3.35728,6.89444,0,0,0
1540586630.253468,3.35706,6.8947,,,
1540586630.3450902,3.35706,6.8947,,,
1540586630.4434962,3.35706,6.8947,,,
1540586630.5469508,3.35683,6.8952,,,
1540586630.651726,3.35683,6.8952,,,
1540586630.7476351,3.35683,6.8952,,,
1540586630.8448422,3.3566,6.8952,,,
1540586630.9636264,3.3566,6.89572,,,
1540586631.0519266,3.3566,6.89572,,,
1540586631.147605,3.3566,6.89572,,,
1540586631.248243,3.35637,6.89598,0,0,0
1540586631.3657084,3.35637,6.89598,,,
1540586631.4720557,3.35637,6.89598,,,
1540586631.5525773,3.35616,6.89598,,,
1540586631.6520352,3.35616,6.89676,,,
1540586631.7620313,3.35616,6.89676,,,
1540586631.8704233,3.35593,6.89676,,,
1540586631.9610598,3.35593,6.89726,,,
1540586632.0516431,3.35593,6.89726,,,
1540586632.150985,3.35593,6.89726,,,
1540586632.255584,3.3557,6.89778,0,0,0
1540586632.35805,3.3557,6.89778,,,
1540586632.452784,3.3557,6.89778,,,
1540586632.5528085,3.35547,6.89778,,,
1540586632.6750221,3.35547,6.89804,,,
1540586632.777946,3.35547,6.89804,,,
1540586632.8521297,3.35524,6.89804,,,
1540586632.9506145,3.35524,6.89856,,,
1540586633.0846977,3.35524,6.89856,,,
1540586633.1747096,3.35524,6.89856,0,0,0
1540586633.2586174,3.35501,6.8988,,,
1540586633.3520732,3.35501,6.8988,,,
1540586633.4553354,3.35501,6.8988,,,
1540586633.5625677,3.35478,6.8988,,,
1540586633.6566308,3.35478,6.89932,,,
1540586633.7566938,3.35478,6.89932,,,
1540586633.855374,3.35455,6.89932,,,
1540586633.9570572,3.35455,6.9001,,,
1540586634.0579896,3.35455,6.9001,,,
1540586634.1555636,3.35455,6.9001,0,0,0
1540586634.2549424,3.35432,6.9006,,,
1540586634.3718722,3.35432,6.9006,,,
1540586634.4744902,3.35432,6.9006,,,
1540586634.5527637,3.35403,6.9006,,,
1540586634.6512907,3.35403,6.90086,,,
1540586634.7532017,3.35403,6.90086,,,
1540586634.860201,3.35388,6.90086,,,
1540586634.955576,3.35388,6.90138,,,
1540586635.0519404,3.35388,6.90138,,,
1540586635.1512353,3.35388,6.90138,,,
1540586635.2574773,3.35365,6.90164,0,0,0
1540586635.356631,3.35365,6.90164,,,
1540586635.4537318,3.35365,6.90164,,,
1540586635.5566363,3.35335,6.90164,,,
1540586635.6729946,3.35335,6.90216,,,
1540586635.7800117,3.35335,6.90216,,,
1540586635.8581398,3.35335,6.90216,,,
1540586635.9572823,3.35312,6.90292,,,
1540586636.0620735,3.35312,6.90292,,,
1540586636.167224,3.35312,6.90292,0,0,0
1540586636.26041,3.35289,6.90344,,,
1540586636.3570087,3.35289,6.90344,,,
1540586636.4558465,3.35289,6.90344,,,
1540586636.561686,3.35266,6.90344,,,
1540586636.6627922,3.35266,6.9037,,,
1540586636.7601402,3.35266,6.9037,,,
1540586636.8557994,3.35266,6.9037,,,
1540586636.9772604,3.35243,6.90421,,,
1540586637.0605493,3.35243,6.90421,,,
1540586637.1584954,3.35243,6.90421,0,0,0
1540586637.258657,3.35214,6.90498,,,
1540586637.3692105,3.35214,6.90498,,,
1540586637.4805737,3.35214,6.90498,,,
1540586637.5597272,3.35191,6.90498,,,
1540586637.6584482,3.35191,6.90576,,,
1540586637.759528,3.35191,6.90576,,,
1540586637.8666825,3.35191,6.90576,,,
1540586637.960561,3.35168,6.90601,,,
1540586638.0604968,3.35168,6.90601,,,
1540586638.159044,3.35168,6.90601,0,0,0
1540586638.2610867,3.35146,6.90652,,,
1540586638.364728,3.35146,6.90652,,,
1540586638.4593437,3.35146,6.90652,,,
1540586638.5588923,3.35123,6.90652,,,
1540586638.6764877,3.35123,6.90678,,,
1540586638.7642913,3.35123,6.90678,,,
1540586638.8606775,3.35123,6.90678,,,
1540586638.9606123,3.351,6.90704,,,
1540586639.0700688,3.351,6.90704,,,
1540586639.184623,3.351,6.90704,0,0,0
1540586639.2613065,3.35077,6.90781,,,
1540586639.3638887,3.35077,6.90781,,,
1540586639.4670703,3.35077,6.90781,,,
1540586639.5698984,3.35054,6.90781,,,
1540586639.6695652,3.35054,6.90858,,,
1540586639.764338,3.35054,6.90858,,,
1540586639.8628118,3.35054,6.90858,,,
1540586639.9699585,3.35033,6.90884,,,
1540586640.0708084,3.35033,6.90884,,,
1540586640.16651,3.35033,6.90884,0,0,0
1540586640.2648475,3.35002,6.90936,,,
1540586640.3860865,3.35002,6.90936,,,
1540586640.49371,3.35002,6.90936,,,
1540586640.567704,3.34979,6.90936,,,
1540586640.6670876,3.34979,6.90987,,,
1540586640.778797,3.34979,6.90987,,,
1540586640.8896575,3.34956,6.90987,,,
1540586640.9682,3.34956,6.91013,,,
1540586641.0661156,3.34956,6.91013,,,
1540586641.169437,3.34956,6.91013,0,0,0
1540586641.284137,3.34926,6.91064,,,
1540586641.3787699,3.34926,6.91064,,,
1540586641.4711854,3.34926,6.91064,,,
1540586641.5716887,3.34903,6.91064,,,
1540586641.69124,3.34903,6.91167,,,
1540586641.777319,3.34903,6.91167,,,
1540586641.870962,3.34903,6.91167,,,
1540586641.966895,3.3488,6.91193,,,
1540586642.091974,3.3488,6.91193,,,
1540586642.1918108,3.3488,6.91193,0,0,0
1540586642.2717571,3.34857,6.91193,,,
1540586642.3763123,3.34857,6.91245,,,
1540586642.498671,3.34857,6.91245,,,
1540586642.588386,3.34836,6.91245,,,
1540586642.67366,3.34836,6.9127,,,
1540586642.7765105,3.34836,6.9127,,,
1540586642.8768725,3.34836,6.9127,,,
1540586642.990797,3.34813,6.91296,,,
1540586643.079516,3.34813,6.91296,,,
1540586643.1715896,3.34813,6.91296,0,0,0
1540586643.27546,3.34782,6.91347,,,
1540586643.3882258,3.34782,6.91347,,,
1540586643.4747715,3.34782,6.91347,,,
1540586643.5741568,3.3476,6.91347,,,
1540586643.6784701,3.3476,6.91399,,,
1540586643.7917511,3.3476,6.91399,,,
1540586643.8779228,3.3476,6.91399,,,
1540586643.9734085,3.34737,6.91425,,,
1540586644.0727246,3.34737,6.91425,,,
1540586644.1858633,3.34737,6.91425,0,0,0
1540586644.2802105,3.34714,6.91425,,,
1540586644.3771482,3.34714,6.91501,,,
1540586644.4767697,3.34714,6.91501,,,
1540586644.6076837,3.34683,6.91501,,,
1540586644.7071204,3.34683,6.91605,,,
1540586644.7822015,3.34683,6.91605,,,
1540586644.8767636,3.34683,6.91605,,,
1540586644.9824855,3.3466,6.91681,,,
1540586645.0963888,3.3466,6.91681,,,
1540586645.17655,3.3466,6.91681,0,0,0
1540586645.2778478,3.34639,6.91681,,,
1540586645.3762321,3.34639,6.91707,,,
1540586645.4818563,3.34639,6.91707,,,
1540586645.5783224,3.34608,6.91707,,,
1540586645.674244,3.34608,6.91759,,,
1540586645.773738,3.34608,6.91759,,,
1540586645.8756118,3.34608,6.91759,,,
1540586645.9769006,3.34586,6.91811,,,
1540586646.0730515,3.34586,6.91811,,,
1540586646.2092881,3.34586,6.91811,0,0,0
1540586646.288288,3.34563,6.91837,,,
1540586646.402301,3.34563,6.91837,,,
1540586646.4781423,3.34563,6.91837,,,
1540586646.5755599,3.3454,6.91837,,,
1540586646.684317,3.3454,6.91913,,,
1540586646.7856998,3.3454,6.91913,,,
1540586646.877329,3.3454,6.91913,,,
1540586646.975697,3.34509,6.91991,,,
1540586647.078117,3.34509,6.91991,,,
1540586647.1811259,3.34509,6.91991,0,0,0
1540586647.2751238,3.34486,6.91991,,,
1540586647.3758738,3.34486,6.92017,,,
1540586647.4749997,3.34486,6.92017,,,
1540586647.5981338,3.34457,6.92017,,,
1540586647.7060184,3.34457,6.92067,,,
1540586647.7781556,3.34457,6.92067,,,
1540586647.875367,3.34457,6.92067,,,
1540586647.9879873,3.34435,6.92119,,,
1540586648.0985408,3.34435,6.92119,,,
1540586648.1790862,3.34435,6.92119,0,0,0
1540586648.277133,3.34412,6.92119,,,
1540586648.379756,3.34412,6.92145,,,
1540586648.4870281,3.34412,6.92145,,,
1540586648.578113,3.34412,6.92145,,,
1540586648.6777658,3.34389,6.92197,,,
1540586648.77674,3.34389,6.92197,,,
1540586648.883191,3.34389,6.92197,,,
1540586648.9786894,3.34366,6.92247,,,
1540586649.0802317,3.34366,6.92247,,,
1540586649.178755,3.34366,6.92247,0,0,0
1540586649.2937806,3.34335,6.92247,,,
1540586649.406043,3.34335,6.92273,,,
1540586649.4828763,3.34335,6.92273,,,
1540586649.5806277,3.34335,6.92273,,,
1540586649.6930065,3.34312,6.92351,,,
1540586649.819199,3.34312,6.92351,,,
1540586649.884816,3.34312,6.92351,,,
1540586649.9804902,3.34282,6.92427,,,
1540586650.079884,3.34282,6.92427,,,
1540586650.1871629,3.34282,6.92427,0,0,0
1540586650.2808578,3.34261,6.92427,,,
1540586650.3797503,3.34261,6.92453,,,
1540586650.4801292,3.34261,6.92453,,,
1540586650.582273,3.34261,6.92453,,,
1540586650.6843421,3.34238,6.92505,,,
1540586650.7808452,3.34238,6.92505,,,
1540586650.8803701,3.34238,6.92505,,,
1540586650.9980571,3.34207,6.92531,,,
1540586651.1102276,3.34207,6.92531,,,
1540586651.1844788,3.34207,6.92531,0,0,0
1540586651.2825825,3.34184,6.92531,,,
1540586651.3915756,3.34184,6.92583,,,
1540586651.5015748,3.34184,6.92583,,,
1540586651.5856555,3.34184,6.92583,,,
1540586651.6841335,3.34161,6.92659,,,
1540586651.783688,3.34161,6.92659,,,
1540586651.88799,3.34161,6.92659,,,
1540586651.9905515,3.34131,6.92737,,,
1540586652.0861738,3.34131,6.92737,,,
1540586652.186727,3.34131,6.92737,0,0,0
1540586652.3052151,3.34108,6.92737,,,
1540586652.4070165,3.34108,6.92839,,,
1540586652.488275,3.34108,6.92839,,,
1540586652.5861876,3.34108,6.92839,,,
1540586652.693681,3.34079,6.92865,,,
1540586652.8023636,3.34079,6.92865,,,
1540586652.8926554,3.34079,6.92865,,,
1540586652.9903102,3.34056,6.92891,,,
1540586653.1064725,3.34056,6.92891,,,
1540586653.204048,3.34056,6.92891,0,0,0
1540586653.2927115,3.34033,6.92891,,,
1540586653.3889754,3.34033,6.92943,,,
1540586653.4895864,3.34033,6.92943,,,
1540586653.591383,3.34033,6.92943,,,
1540586653.6880023,3.3401,6.92993,,,
1540586653.7870877,3.3401,6.92993,,,
1540586653.8936214,3.3401,6.92993,,,
1540586654.009539,3.3398,6.93071,,,
1540586654.117804,3.3398,6.93071,,,
1540586654.192448,3.3398,6.93071,0,0,0
1540586654.2908003,3.33949,6.93071,,,
1540586654.4093575,3.33949,6.93123,,,
1540586654.516658,3.33949,6.93123,,,
1540586654.60122,3.33949,6.93123,,,
1540586654.6924734,3.33926,6.93173,,,
1540586654.7968721,3.33926,6.93173,,,
1540586654.9070544,3.33926,6.93173,,,
1540586654.9984877,3.33904,6.93173,,,
1540586655.0938365,3.33904,6.93199,,,
1540586655.1972942,3.33904,6.93199,0,0,0
1540586655.3089955,3.33882,6.93199,,,
1540586655.394927,3.33882,6.93251,,,
1540586655.4986377,3.33882,6.93251,,,
1540586655.5982745,3.33882,6.93251,,,
1540586655.7002478,3.33852,6.93303,,,
1540586655.7971709,3.33852,6.93303,,,
1540586655.8951192,3.33852,6.93303,,,
1540586655.998082,3.33829,6.93303,,,
1540586656.1188824,3.33829,6.93327,,,
1540586656.2342486,3.33829,6.93327,0,0,0
1540586656.3179502,3.33806,6.93327,,,
1540586656.399357,3.33806,6.93379,,,
1540586656.5175855,3.33806,6.93379,,,
1540586656.6255853,3.33806,6.93379,,,
1540586656.7064524,3.33775,6.93431,,,
1540586656.7995126,3.33775,6.93431,,,
1540586656.905437,3.33775,6.93431,,,
1540586657.0176425,3.33752,6.93431,,,
1540586657.104986,3.33752,6.93533,,,
1540586657.201045,3.33752,6.93533,0,0,0
1540586657.3025453,3.33722,6.93533,,,
1540586657.4095018,3.33722,6.93559,,,
1540586657.5003893,3.33722,6.93559,,,
1540586657.599882,3.33722,6.93559,,,
1540586657.701914,3.33699,6.93611,,,
1540586657.801907,3.33699,6.93611,,,
1540586657.904775,3.33699,6.93611,,,
1540586658.0014224,3.3367,6.93611,,,
1540586658.1012108,3.3367,6.93663,,,
1540586658.2218118,3.3367,6.93663,0,0,0
1540586658.3284087,3.33647,6.93663,,,
1540586658.405371,3.33647,6.93687,,,
1540586658.5006745,3.33647,6.93687,,,
1540586658.6187718,3.33647,6.93687,,,
1540586658.7272084,3.33617,6.93765,,,
1540586658.810771,3.33617,6.93765,,,
1540586658.9058573,3.33617,6.93765,,,
1540586659.0150867,3.33594,6.93765,,,
1540586659.1190865,3.33594,6.93843,,,
1540586659.2061968,3.33594,6.93843,0,0,0
1540586659.30155,3.33571,6.93843,,,
1540586659.40115,3.33571,6.93867,,,
1540586659.5056698,3.33571,6.93867,,,
1540586659.6009831,3.33571,6.93867,,,
1540586659.7036939,3.3354,6.93919,,,
1540586659.8038647,3.3354,6.93919,,,
1540586659.9412017,3.3354,6.93919,,,
1540586660.0081837,3.33517,6.93919,,,
1540586660.1039784,3.33517,6.94023,,,
1540586660.2060106,3.33517,6.94023,0,0,0
1540586660.3250759,3.33488,6.94023,,,
1540586660.4267383,3.33488,6.94073,,,
1540586660.5109468,3.33488,6.94073,,,
1540586660.6070938,3.33488,6.94073,,,
1540586660.716503,3.33466,6.94099,,,
1540586660.8201904,3.33466,6.94099,,,
1540586660.90642,3.33466,6.94099,,,
1540586661.0057223,3.33443,6.94099,,,
1540586661.1059666,3.33443,6.94177,,,
1540586661.2137315,3.33443,6.94177,0,0,0
1540586661.313291,3.33412,6.94177,,,
1540586661.4108047,3.33412,6.94254,,,
1540586661.5113254,3.33412,6.94254,,,
1540586661.6319366,3.33412,6.94254,,,
1540586661.7266927,3.33389,6.94279,,,
1540586661.8205223,3.33389,6.94279,,,
1540586661.9115336,3.33389,6.94279,,,
1540586662.018236,3.33359,6.94279,,,
1540586662.1264706,3.33359,6.94331,,,
1540586662.2103758,3.33359,6.94331,0,0,0
1540586662.309684,3.33359,6.94331,,,
1540586662.4101284,3.33336,6.94383,,,
1540586662.5163074,3.33336,6.94383,,,
1540586662.609524,3.33336,6.94383,,,
1540586662.7086418,3.33307,6.94434,,,
1540586662.8091283,3.33307,6.94434,,,
1540586662.9127858,3.33307,6.94434,,,
1540586663.0101209,3.33276,6.94434,,,
1540586663.1104133,3.33276,6.94511,,,
1540586663.210537,3.33276,6.94511,0,0,0
1540586663.3300505,3.33253,6.94511,,,
1540586663.4366136,3.33253,6.94563,,,
1540586663.514253,3.33253,6.94563,,,
1540586663.6131551,3.33253,6.94563,,,
1540586663.7161434,3.33223,6.94614,,,
1540586663.8291295,3.33223,6.94614,,,
1540586663.9128845,3.33223,6.94614,,,
1540586664.0116496,3.332,6.94614,,,
1540586664.1120303,3.332,6.94666,,,
1540586664.2567592,3.332,6.94666,0,0,0
1540586664.3211603,3.332,6.94666,,,
1540586664.4138415,3.33177,6.94691,,,
1540586664.5135214,3.33177,6.94691,,,
1540586664.638324,3.33177,6.94691,,,
1540586664.7413952,3.33147,6.94743,,,
1540586664.814579,3.33147,6.94743,,,
1540586664.9107597,3.33147,6.94743,,,
1540586665.0258756,3.33124,6.94743,,,
1540586665.1317499,3.33124,6.94794,,,
1540586665.2161756,3.33124,6.94794,0,0,0
1540586665.3165805,3.33124,6.94794,,,
1540586665.420158,3.33095,6.9482,,,
1540586665.523075,3.33095,6.9482,,,
1540586665.6164837,3.33095,6.9482,,,
1540586665.7485178,3.33072,6.94923,,,
1540586665.8257644,3.33072,6.94923,,,
1540586665.9220448,3.33072,6.94923,,,
1540586666.0268812,3.33041,6.94923,,,
1540586666.1173518,3.33041,6.94974,,,
1540586666.2161317,3.33041,6.94974,0,0,0
1540586666.332844,3.33041,6.94974,,,
1540586666.446671,3.33018,6.95026,,,
1540586666.5192828,3.33018,6.95026,,,
1540586666.6187215,3.33018,6.95026,,,
1540586666.7305264,3.32988,6.95078,,,
1540586666.8412328,3.32988,6.95078,,,
1540586666.9173172,3.32988,6.95078,,,
1540586667.0170324,3.32957,6.95078,,,
1540586667.1254497,3.32957,6.9518,,,
1540586667.2284832,3.32957,6.9518,0,0,0
1540586667.3185234,3.32957,6.9518,,,
1540586667.4183474,3.32935,6.95206,,,
1540586667.51938,3.32935,6.95206,,,
1540586667.6246867,3.32935,6.95206,,,
1540586667.7196143,3.32913,6.95206,,,
1540586667.8165853,3.32913,6.95258,,,
1540586667.9342225,3.32913,6.95258,,,
1540586668.038823,3.32883,6.95258,,,
1540586668.148985,3.32883,6.9536,,,
1540586668.2226903,3.32883,6.9536,0,0,0
1540586668.3198793,3.32883,6.9536,,,
1540586668.429254,3.32852,6.95412,,,
1540586668.5401397,3.32852,6.95412,,,
1540586668.620958,3.32852,6.95412,,,
1540586668.7293346,3.32829,6.95412,,,
1540586668.8229213,3.32829,6.95438,,,
1540586668.9271731,3.32829,6.95438,,,
1540586669.0243876,3.32799,6.95438,,,
1540586669.1215405,3.32799,6.95488,,,
1540586669.224601,3.32799,6.95488,0,0,0
1540586669.3444812,3.32799,6.95488,,,
1540586669.4515493,3.32776,6.9554,,,
1540586669.5239105,3.32776,6.9554,,,
1540586669.621749,3.32776,6.9554,,,
1540586669.736954,3.32745,6.95592,,,
1540586669.8436923,3.32745,6.95592,,,
1540586669.926763,3.32745,6.95592,,,
1540586670.0238822,3.32724,6.95592,,,
1540586670.1295445,3.32724,6.95694,,,
1540586670.2443018,3.32724,6.95694,0,0,0
1540586670.326263,3.32724,6.95694,,,
1540586670.4249518,3.32693,6.9572,,,
1540586670.523937,3.32693,6.9572,,,
1540586670.6485903,3.32693,6.9572,,,
1540586670.749964,3.32671,6.9572,,,
1540586670.8253653,3.32671,6.95772,,,
1540586670.9260087,3.32671,6.95772,,,
1540586671.0350919,3.3264,6.95772,,,
1540586671.1453366,3.3264,6.95824,,,
1540586671.2297657,3.3264,6.95824,0,0,0
1540586671.3275082,3.3264,6.95824,,,
1540586671.4362733,3.32617,6.95848,,,
1540586671.5411084,3.32617,6.95848,,,
1540586671.6291516,3.32617,6.95848,,,
1540586671.7273107,3.32587,6.95848,,,
1540586671.8281958,3.32587,6.95926,,,
1540586671.9338257,3.32587,6.95926,,,
1540586672.0408485,3.32564,6.95926,,,
1540586672.1342132,3.32564,6.96004,,,
1540586672.2385697,3.32564,6.96004,0,0,0
1540586672.3521392,3.32564,6.96004,,,
1540586672.4270704,3.32535,6.96028,,,
1540586672.5293367,3.32535,6.96028,,,
1540586672.6281748,3.32535,6.96028,,,
1540586672.7392268,3.32512,6.96028,,,
1540586672.8460157,3.32512,6.9608,,,
1540586672.930052,3.32512,6.9608,,,
1540586673.027556,3.32512,6.9608,,,
1540586673.1318047,3.32481,6.96132,,,
1540586673.2398238,3.32481,6.96132,0,0,0
1540586673.3348923,3.32481,6.96132,,,
1540586673.4321394,3.32458,6.96184,,,
1540586673.532095,3.32458,6.96184,,,
1540586673.6371434,3.32458,6.96184,,,
1540586673.732212,3.32428,6.96184,,,
1540586673.8370943,3.32428,6.9626,,,
1540586673.9331868,3.32428,6.9626,,,
1540586674.0479867,3.32397,6.9626,,,
1540586674.1539438,3.32397,6.96364,,,
1540586674.2406445,3.32397,6.96364,0,0,0
1540586674.3344014,3.32397,6.96364,,,
1540586674.4460475,3.32375,6.96414,,,
1540586674.5608094,3.32375,6.96414,,,
1540586674.6365445,3.32375,6.96414,,,
1540586674.7337296,3.32346,6.96414,,,
1540586674.8419168,3.32346,6.96466,,,
1540586674.9441357,3.32346,6.96466,,,
1540586675.0343597,3.32346,6.96466,,,
1540586675.1346633,3.32323,6.96518,,,
1540586675.2341394,3.32323,6.96518,0,0,0
1540586675.33989,3.32323,6.96518,,,
1540586675.4359152,3.32292,6.96568,,,
1540586675.5358384,3.32292,6.96568,,,
1540586675.6355531,3.32292,6.96568,,,
1540586675.7562475,3.32269,6.96568,,,
1540586675.8666015,3.32269,6.9662,,,
1540586675.9377868,3.32269,6.9662,,,
1540586676.0352018,3.32269,6.9662,,,
1540586676.1516123,3.32239,6.96724,,,
1540586676.259208,3.32239,6.96724,0,0,0
1540586676.3390431,3.32239,6.96724,,,
1540586676.4359324,3.32208,6.96748,,,
1540586676.5443172,3.32208,6.96748,,,
1540586676.6554976,3.32208,6.96748,,,
1540586676.737984,3.32178,6.96748,,,
1540586676.8357987,3.32178,6.968,,,
1540586676.9359286,3.32178,6.968,,,
1540586677.0445418,3.32178,6.968,,,
1540586677.1404243,3.32156,6.96852,,,
1540586677.2366471,3.32156,6.96852,0,0,0
1540586677.3382332,3.32156,6.96852,,,
1540586677.4595716,3.32126,6.96878,,,
1540586677.5678992,3.32126,6.96878,,,
1540586677.6458511,3.32126,6.96878,,,
1540586677.7423456,3.32103,6.96878,,,
1540586677.8530679,3.32103,6.96928,,,
1540586677.9590557,3.32103,6.96928,,,
1540586678.0391288,3.32103,6.96928,,,
1540586678.1409838,3.32072,6.9698,,,
1540586678.241172,3.32072,6.9698,0,0,0
1540586678.3464775,3.32072,6.9698,,,
1540586678.4392986,3.32042,6.97058,,,
1540586678.5411866,3.32042,6.97058,,,
1540586678.6401675,3.32042,6.97058,,,
1540586678.742429,3.32019,6.97058,,,
1540586678.8400822,3.32019,6.97134,,,
1540586678.9411488,3.32019,6.97134,,,
1540586679.0400147,3.32019,6.97134,,,
1540586679.1585567,3.31989,6.97186,,,
1540586679.2470498,3.31989,6.97186,0,0,0
1540586679.3397858,3.31989,6.97186,,,
1540586679.4417825,3.31967,6.97186,,,
1540586679.5549047,3.31967,6.97212,,,
1540586679.6614795,3.31967,6.97212,,,
1540586679.7423997,3.31937,6.97212,,,
1540586679.8416946,3.31937,6.97264,,,
1540586679.945027,3.31937,6.97264,,,
1540586680.057518,3.31937,6.97264,,,
1540586680.1414416,3.31914,6.97314,0,0,0
1540586680.2425752,3.31914,6.97314,,,
1540586680.3434105,3.31914,6.97314,,,
1540586680.4496496,3.31883,6.97314,,,
1540586680.5448484,3.31883,6.97418,,,
1540586680.6426167,3.31883,6.97418,,,
1540586680.7416372,3.31853,6.97418,,,
1540586680.8602738,3.31853,6.97495,,,
1540586680.9788783,3.31853,6.97495,,,
1540586681.0460827,3.31853,6.97495,,,
1540586681.1465974,3.3183,6.97572,,,
1540586681.2597647,3.3183,6.97572,0,0,0
1540586681.3714056,3.3183,6.97572,,,
1540586681.4465463,3.31799,6.97572,,,
1540586681.5451643,3.31799,6.97598,,,
1540586681.6571586,3.31799,6.97598,,,
1540586681.7581747,3.3177,6.97598,,,
1540586681.853025,3.3177,6.97649,,,
1540586681.949604,3.3177,6.97649,,,
1540586682.0468779,3.3177,6.97649,,,
1540586682.1483629,3.31747,6.97701,,,
1540586682.251549,3.31747,6.97701,0,0,0
1540586682.363043,3.31747,6.97701,,,
1540586682.465915,3.31717,6.97701,,,
1540586682.5622847,3.31717,6.97778,,,
1540586682.6749,3.31717,6.97778,,,
1540586682.7523444,3.31686,6.97778,,,
1540586682.8491294,3.31686,6.97855,,,
1540586682.959757,3.31686,6.97855,,,
1540586683.0659924,3.31686,6.97855,,,
1540586683.1539152,3.31664,6.97881,0,0,0
1540586683.2509913,3.31664,6.97881,,,
1540586683.360742,3.31664,6.97881,,,
1540586683.4649935,3.31633,6.97881,,,
1540586683.5544937,3.31633,6.97932,,,
1540586683.6505084,3.31633,6.97932,,,
1540586683.760312,3.31602,6.97932,,,
1540586683.8659887,3.31602,6.97984,,,
1540586683.9555137,3.31602,6.97984,,,
1540586684.0531213,3.31602,6.97984,,,
1540586684.1554296,3.31581,6.98035,,,
1540586684.2669997,3.31581,6.98035,0,0,0
1540586684.3551302,3.31581,6.98035,,,
1540586684.4561338,3.31551,6.98035,,,
1540586684.558072,3.31551,6.98112,,,
1540586684.669832,3.31551,6.98112,,,
1540586684.76149,3.3152,6.98112,,,
1540586684.8555014,3.3152,6.98189,,,
1540586684.9547362,3.3152,6.98189,,,
1540586685.0737922,3.3152,6.98189,,,
1540586685.1789572,3.31497,6.98215,0,0,0
1540586685.2689772,3.31497,6.98215,,,
1540586685.3623288,3.31497,6.98215,,,
1540586685.4844584,3.31467,6.98267,,,
1540586685.5782583,3.31467,6.98267,,,
1540586685.6666546,3.31467,6.98267,,,
1540586685.7609322,3.31436,6.98267,,,
1540586685.8644478,3.31436,6.98318,,,
1540586685.9715521,3.31436,6.98318,,,
1540586686.0642936,3.31436,6.98318,,,
1540586686.1611123,3.31413,6.98395,0,0,0
1540586686.2599254,3.31413,6.98395,,,
1540586686.3612032,3.31413,6.98395,,,
1540586686.4595296,3.31384,6.98395,,,
1540586686.5646849,3.31384,6.98473,,,
1540586686.6611018,3.31384,6.98473,,,
1540586686.7783113,3.31354,6.98473,,,
1540586686.8596952,3.31354,6.98499,,,
1540586686.9814796,3.31354,6.98499,,,
1540586687.0696485,3.31354,6.98499,,,
1540586687.1887352,3.31331,6.98575,0,0,0
1540586687.2822554,3.31331,6.98575,,,
1540586687.3708155,3.31331,6.98575,,,
1540586687.4643164,3.313,6.98575,,,
1540586687.5656986,3.313,6.98653,,,
1540586687.6696136,3.313,6.98653,,,
1540586687.767597,3.313,6.98653,,,
1540586687.8603406,3.3127,6.98705,,,
1540586687.9613543,3.3127,6.98705,,,
1540586688.0611172,3.3127,6.98705,,,
1540586688.1628466,3.31239,6.98755,0,0,0
1540586688.2630157,3.31239,6.98755,,,
1540586688.3618166,3.31239,6.98755,,,
1540586688.4751077,3.31216,6.98755,,,
1540586688.5778604,3.31216,6.98859,,,
1540586688.6639907,3.31216,6.98859,,,
1540586688.7634664,3.31216,6.98859,,,
1540586688.8684862,3.31187,6.98909,,,
1540586688.9785075,3.31187,6.98909,,,
1540586689.0650992,3.31187,6.98909,,,
1540586689.192335,3.31157,6.98961,0,0,0
1540586689.275185,3.31157,6.98961,,,
1540586689.3808105,3.31157,6.98961,,,
1540586689.4687595,3.31134,6.98961,,,
1540586689.5667405,3.31134,6.99013,,,
1540586689.6683986,3.31134,6.99013,,,
1540586689.7695036,3.31134,6.99013,,,
1540586689.8699856,3.31104,6.99039,,,
1540586689.969282,3.31104,6.99039,,,
1540586690.0704932,3.31104,6.99039,,,
1540586690.185721,3.31073,6.99141,0,0,0
1540586690.289995,3.31073,6.99141,,,
1540586690.369629,3.31073,6.99141,,,
1540586690.4666214,3.31042,6.99141,,,
1540586690.5759704,3.31042,6.99193,,,
1540586690.6982467,3.31042,6.99193,,,
1540586690.7699897,3.31042,6.99193,,,
1540586690.864724,3.3102,6.99245,,,
1540586690.9676917,3.3102,6.99245,,,
1540586691.0731494,3.3102,6.99245,,,
1540586691.1671257,3.30991,6.99295,0,0,0
1540586691.2664957,3.30991,6.99295,,,
1540586691.375691,3.30991,6.99295,,,
1540586691.4721708,3.30968,6.99295,,,
1540586691.5678685,3.30968,6.99347,,,
1540586691.6703637,3.30968,6.99347,,,
1540586691.770101,3.30968,6.99347,,,
1540586691.8884206,3.30937,6.99399,,,
1540586691.9871283,3.30937,6.99399,,,
1540586692.0739672,3.30937,6.99399,,,
1540586692.1682541,3.30907,6.99399,0,0,0
1540586692.2804348,3.30907,6.99475,,,
1540586692.385099,3.30907,6.99475,,,
1540586692.4705687,3.30876,6.99475,,,
1540586692.567312,3.30876,6.99527,,,
1540586692.6743298,3.30876,6.99527,,,
1540586692.7806225,3.30876,6.99527,,,
1540586692.8700836,3.30846,6.99579,,,
1540586692.9720054,3.30846,6.99579,,,
1540586693.0695636,3.30846,6.99579,,,
1540586693.1707013,3.30823,6.99579,0,0,0
1540586693.2725918,3.30823,6.99631,,,
1540586693.3717754,3.30823,6.99631,,,
1540586693.4704792,3.30794,6.99631,,,
1540586693.6108081,3.30794,6.99681,,,
1540586693.6933737,3.30794,6.99681,,,
1540586693.7730665,3.30794,6.99681,,,
1540586693.87025,3.30763,6.99785,,,
1540586693.9736857,3.30763,6.99785,,,
1540586694.078562,3.30763,6.99785,,,
1540586694.1723375,3.30733,6.99785,0,0,0
1540586694.273392,3.30733,6.99861,,,
1540586694.3924258,3.30733,6.99861,,,
1540586694.4792585,3.30702,6.99861,,,
1540586694.5788376,3.30702,6.99913,,,
1540586694.67583,3.30702,6.99913,,,
1540586694.7740598,3.30702,6.99913,,,
1540586694.892297,3.30679,6.99965,,,
1540586695.001746,3.30679,6.99965,,,
1540586695.0846162,3.30679,6.99965,,,
1540586695.174077,3.30649,6.99965,0,0,0
1540586695.2924273,3.30649,7.00015,,,
1540586695.3751574,3.30649,7.00015,,,
1540586695.4758217,3.3062,7.00015,,,
1540586695.5786371,3.3062,7.00067,,,
1540586695.6949992,3.3062,7.00067,,,
1540586695.7955651,3.3062,7.00067,,,
1540586695.8861482,3.30589,7.00145,,,
1540586695.9830694,3.30589,7.00145,,,
1540586696.083803,3.30589,7.00145,,,
1540586696.1881382,3.30559,7.00145,0,0,0
1540586696.2785537,3.30559,7.00221,,,
1540586696.3820312,3.30559,7.00221,,,
1540586696.4782553,3.30536,7.00221,,,
1540586696.581689,3.30536,7.00273,,,
1540586696.684249,3.30536,7.00273,,,
1540586696.7812212,3.30536,7.00273,,,
1540586696.880071,3.30505,7.00325,,,
1540586696.9957175,3.30505,7.00325,,,
1540586697.109283,3.30505,7.00325,,,
1540586697.1881697,3.30475,7.00325,0,0,0
1540586697.2882986,3.30475,7.00375,,,
1540586697.3964043,3.30475,7.00375,,,
1540586697.493619,3.30444,7.00375,,,
1540586697.5858884,3.30444,7.00427,,,
1540586697.688185,3.30444,7.00427,,,
1540586697.788231,3.30444,7.00427,,,
1540586697.8882446,3.30415,7.00531,,,
1540586697.9859328,3.30415,7.00531,,,
1540586698.088592,3.30415,7.00531,,,
1540586698.1888375,3.30392,7.00531,0,0,0
1540586698.3068936,3.30392,7.00555,,,
1540586698.4166145,3.30392,7.00555,,,
1540586698.4923348,3.30362,7.00555,,,
1540586698.5867991,3.30362,7.00633,,,
1540586698.7064521,3.30362,7.00633,,,
1540586698.8080957,3.30362,7.00633,,,
1540586698.8940604,3.30331,7.00659,,,
1540586698.986809,3.30331,7.00659,,,
1540586699.091612,3.30331,7.00659,,,
1540586699.1953285,3.30301,7.00659,0,0,0
1540586699.2857602,3.30301,7.00735,,,
1540586699.391424,3.30301,7.00735,,,
1540586699.4952292,3.3027,7.00735,,,
1540586699.5952387,3.3027,7.00813,,,
1540586699.6923788,3.3027,7.00813,,,
1540586699.7920241,3.3027,7.00813,,,
1540586699.8907974,3.30247,7.00865,,,
1540586700.008237,3.30247,7.00865,,,
1540586700.0958226,3.30247,7.00865,,,
1540586700.1883323,3.30219,7.00865,0,0,0
1540586700.2905993,3.30219,7.00916,,,
1540586700.4033496,3.30219,7.00916,,,
1540586700.5092685,3.3018,7.00916,,,
1540586700.5967891,3.3018,7.01019,,,
1540586700.6955745,3.3018,7.01019,,,
1540586700.7983255,3.3018,7.01019,,,
1540586700.8970265,3.30157,7.01071,,,
1540586700.9954731,3.30157,7.01071,,,
1540586701.0900207,3.30157,7.01071,,,
1540586701.1935606,3.30127,7.01071,0,0,0
1540586701.292161,3.30127,7.01122,,,
1540586701.3931215,3.30127,7.01122,,,
1540586701.4908986,3.30127,7.01122,,,
1540586701.6199796,3.30096,7.01225,,,
1540586701.7069256,3.30096,7.01225,,,
1540586701.816178,3.30096,7.01225,,,
1540586701.8939114,3.30066,7.01276,,,
1540586701.9956675,3.30066,7.01276,,,
1540586702.1043122,3.30066,7.01276,,,
1540586702.203363,3.30037,7.01276,0,0,0
1540586702.294489,3.30037,7.01328,,,
1540586702.394864,3.30037,7.01328,,,
1540586702.49507,3.30037,7.01328,,,
1540586702.600466,3.30006,7.01379,,,
1540586702.6929805,3.30006,7.01379,,,
1540586702.7930055,3.30006,7.01379,,,
1540586702.895522,3.29976,7.01431,,,
1540586703.0170815,3.29976,7.01431,,,
1540586703.103178,3.29976,7.01431,,,
1540586703.1942022,3.29945,7.01431,0,0,0
1540586703.3003936,3.29945,7.01508,,,
1540586703.4181914,3.29945,7.01508,,,
1540586703.526889,3.29915,7.01508,,,
1540586703.6045942,3.29915,7.01585,,,
1540586703.7013168,3.29915,7.01585,,,
1540586703.8104517,3.29915,7.01585,,,
1540586703.9163735,3.29884,7.01636,,,
1540586704.0038295,3.29884,7.01636,,,
1540586704.0971584,3.29884,7.01636,,,
1540586704.203092,3.29861,7.01636,0,0,0
1540586704.308586,3.29861,7.01714,,,
1540586704.3985033,3.29861,7.01714,,,
1540586704.4987874,3.29861,7.01714,,,
1540586704.6050894,3.29832,7.01765,,,
1540586704.702697,3.29832,7.01765,,,
1540586704.7978463,3.29832,7.01765,,,
1540586704.8971157,3.29802,7.01816,,,
1540586705.0008254,3.29802,7.01816,,,
1540586705.1136124,3.29802,7.01816,,,
1540586705.2157698,3.29771,7.01816,0,0,0
1540586705.2976236,3.29771,7.01868,,,
1540586705.3962276,3.29771,7.01868,,,
1540586705.4997957,3.29771,7.01868,,,
1540586705.6049564,3.29741,7.0192,,,
1540586705.6986315,3.29741,7.0192,,,
1540586705.7989817,3.29741,7.0192,,,
1540586705.898502,3.2971,7.02022,,,
1540586706.0218344,3.2971,7.02022,,,
1540586706.1270752,3.2971,7.02022,,,
1540586706.2097561,3.2968,7.02022,0,0,0
1540586706.300352,3.2968,7.021,,,
1540586706.4152908,3.2968,7.021,,,
1540586706.5211854,3.2968,7.021,,,
1540586706.608076,3.29651,7.02126,,,
1540586706.7028353,3.29651,7.02126,,,
1540586706.8131387,3.29651,7.02126,,,
1540586706.919768,3.2962,7.02126,,,
1540586707.0082033,3.2962,7.02228,,,
1540586707.1009817,3.2962,7.02228,,,
1540586707.2125165,3.2959,7.02228,0,0,0
1540586707.3202333,3.2959,7.0228,,,
1540586707.4055,3.2959,7.0228,,,
1540586707.5024962,3.2959,7.0228,,,
1540586707.6101277,3.29559,7.02332,,,
1540586707.71956,3.29559,7.02332,,,
1540586707.8090808,3.29559,7.02332,,,
1540586707.9041367,3.29529,7.02332,,,
1540586708.0131865,3.29529,7.02408,,,
1540586708.1241078,3.29529,7.02408,,,
1540586708.2103453,3.29498,7.02408,0,0,0
1540586708.3047168,3.29498,7.02486,,,
1540586708.4084616,3.29498,7.02486,,,
1540586708.5106723,3.29498,7.02486,,,
1540586708.607968,3.29468,7.02536,,,
1540586708.7051127,3.29468,7.02536,,,
1540586708.806128,3.29468,7.02536,,,
1540586708.9304109,3.29439,7.02614,,,
1540586709.0301373,3.29439,7.02614,,,
1540586709.1075234,3.29439,7.02614,,,
1540586709.203696,3.29408,7.02614,0,0,0
1540586709.3168287,3.29408,7.0264,,,
1540586709.4218893,3.29408,7.0264,,,
1540586709.509479,3.29408,7.0264,,,
1540586709.604951,3.29378,7.02742,,,
1540586709.7091506,3.29378,7.02742,,,
1540586709.8130531,3.29378,7.02742,,,
1540586709.9068608,3.29347,7.02742,,,
1540586710.0062292,3.29347,7.02794,,,
1540586710.1283793,3.29347,7.02794,,,
1540586710.2312927,3.29317,7.02794,0,0,0
1540586710.3357081,3.29317,7.02846,,,
1540586710.410789,3.29317,7.02846,,,
1540586710.509253,3.29317,7.02846,,,
1540586710.623805,3.29286,7.02896,,,
1540586710.725431,3.29286,7.02896,,,
1540586710.811517,3.29286,7.02896,,,
1540586710.911845,3.29257,7.02896,,,
1540586711.0258367,3.29257,7.02948,,,
1540586711.1259758,3.29257,7.02948,,,
1540586711.2163045,3.29227,7.02948,0,0,0
1540586711.311902,3.29227,7.03052,,,
1540586711.419047,3.29227,7.03052,,,
1540586711.5224688,3.29227,7.03052,,,
1540586711.6143465,3.29196,7.03128,,,
1540586711.7092845,3.29196,7.03128,,,
1540586711.8099747,3.29196,7.03128,,,
1540586711.9113533,3.29166,7.03128,,,
1540586712.0120068,3.29166,7.03154,,,
1540586712.11296,3.29166,7.03154,,,
1540586712.2112176,3.29166,7.03154,0,0,0
1540586712.326296,3.29128,7.03232,,,
1540586712.4354718,3.29128,7.03232,,,
1540586712.5153759,3.29128,7.03232,,,
1540586712.611923,3.29097,7.03282,,,
1540586712.72118,3.29097,7.03282,,,
1540586712.8362694,3.29097,7.03282,,,
1540586712.9166548,3.29076,7.03282,,,
1540586713.0187883,3.29076,7.0336,,,
1540586713.1253839,3.29076,7.0336,,,
1540586713.228969,3.29037,7.0336,0,0,0
1540586713.3158479,3.29037,7.03462,,,
1540586713.415683,3.29037,7.03462,,,
1540586713.5147943,3.29037,7.03462,,,
1540586713.6168926,3.29007,7.0354,,,
1540586713.720443,3.29007,7.0354,,,
1540586713.8152227,3.29007,7.0354,,,
1540586713.9127855,3.28976,7.0354,,,
1540586714.033383,3.28976,7.03566,,,
1540586714.1426473,3.28976,7.03566,,,
1540586714.2164724,3.28976,7.03566,0,0,0
1540586714.3147933,3.28946,7.03642,,,
1540586714.4287977,3.28946,7.03642,,,
1540586714.534947,3.28946,7.03642,,,
1540586714.6230216,3.28915,7.03694,,,
1540586714.7177327,3.28915,7.03694,,,
1540586714.830952,3.28915,7.03694,,,
1540586714.9364514,3.28886,7.03694,,,
1540586715.0250363,3.28886,7.03796,,,
1540586715.1155908,3.28886,7.03796,,,
1540586715.292249,3.27304,7.99126,,,
1540586715.4666579,3.27304,7.99126,,,
1540586715.62978,3.21945,10.2963,,,
1540586715.7927535,3.21945,10.2963,,,
1540586715.9813414,3.21634,10.306,,,
1540586716.138787,3.21634,10.306,,,
1540586716.2965524,3.21399,10.3135,,,
1540586716.4547422,3.21399,10.3135,,,
1540586716.6331146,3.2121,10.3135,,,
1540586716.7960262,3.2121,10.3189,,,
1540586716.8960445,3.2121,10.3189,0,0,0
1540586716.981783,3.2249,9.42093,0,0,0
1540586717.0794644,3.2249,9.42093,,,
1540586717.1866846,3.2249,9.42093,0,0,0
1540586717.292057,3.27788,9.42093,,,
1540586717.3830528,3.27788,7.06113,,,
1540586717.479516,3.27788,7.06113,,,
1540586717.5872052,3.27925,7.06113,,,
1540586717.6934264,3.27925,7.05829,,,
1540586717.7832038,3.27925,7.05829,,,
1540586717.8790152,3.27925,7.05829,,,
1540586717.9879055,3.27985,7.05727,,,
1540586718.0870323,3.27985,7.05727,,,
1540586718.182675,3.27985,7.05727,0,0,0
1540586718.2803173,3.28015,7.05727,,,
1540586718.3795514,3.28015,7.05623,,,
1540586718.4836054,3.28015,7.05623,,,
1540586718.5826118,3.2803,7.05623,,,
1540586718.6786985,3.2803,7.05597,,,
1540586718.7798774,3.2803,7.05597,,,
1540586718.8979578,3.2803,7.05597,,,
1540586719.0002038,3.2803,7.05597,,,
1540586719.0852633,3.2803,7.05597,,,
1540586719.1814084,3.2803,7.05597,0,0,0
1540586719.2909079,3.2803,7.05597,,,
1540586719.3931704,3.2803,7.05597,,,
1540586719.4773462,3.2803,7.05597,,,
1540586719.5888543,3.2803,7.05597,,,
1540586719.6896768,3.28023,7.05597,,,
1540586719.7859204,3.28023,7.05597,,,
1540586719.8772826,3.28023,7.05597,,,
1540586719.9848993,3.28008,7.05623,,,
1540586720.0821161,3.28008,7.05623,,,
1540586720.1873868,3.28008,7.05623,0,0,0
1540586720.2828012,3.28,7.05623,,,
1540586720.3792093,3.28,7.05675,,,
1540586720.4821124,3.28,7.05675,,,
1540586720.6007533,3.27977,7.05675,,,
1540586720.7082002,3.27977,7.05727,,,
1540586720.7885098,3.27977,7.05727,,,
1540586720.8850498,3.27977,7.05727,,,
1540586720.9959075,3.27962,7.05777,,,
1540586721.1017375,3.27962,7.05777,,,
1540586721.1889505,3.27962,7.05777,0,0,0
1540586721.2844038,3.27946,7.05777,,,
1540586721.4012778,3.27946,7.05803,,,
1540586721.4987783,3.27946,7.05803,,,
1540586721.5918686,3.27946,7.05803,,,
1540586721.6870565,3.27925,7.05829,,,
1540586721.7857563,3.27925,7.05829,,,
1540586721.8921463,3.27925,7.05829,,,
1540586721.9868097,3.27902,7.05881,,,
1540586722.086225,3.27902,7.05881,,,
1540586722.1868558,3.27902,7.05881,0,0,0
1540586722.3028643,3.27879,7.05881,,,
1540586722.4078407,3.27879,7.05959,,,
1540586722.491243,3.27879,7.05959,,,
1540586722.5892632,3.27879,7.05959,,,
1540586722.7014968,3.27856,7.06009,,,
1540586722.8025172,3.27856,7.06009,,,
1540586722.8883386,3.27856,7.06009,,,
1540586722.987841,3.27841,7.06035,,,
1540586723.0997915,3.27841,7.06035,,,
1540586723.1960654,3.27841,7.06035,0,0,0
1540586723.2929916,3.27811,7.06035,,,
1540586723.3906476,3.27811,7.06087,,,
1540586723.490991,3.27811,7.06087,,,
1540586723.5927782,3.27811,7.06087,,,
1540586723.6833436,3.27788,7.06113,,,
1540586723.7935963,3.27788,7.06113,,,
1540586723.884835,3.27788,7.06113,,,
1540586723.999863,3.27765,7.06163,,,
1540586724.1104217,3.27765,7.06163,,,
1540586724.187976,3.27765,7.06163,0,0,0
1540586724.2918847,3.27736,7.06163,,,
1540586724.3910737,3.27736,7.06241,,,
1540586724.49325,3.27736,7.06241,,,
1540586724.5959432,3.27736,7.06241,,,
1540586724.6847665,3.27713,7.06319,,,
1540586724.7942703,3.27713,7.06319,,,
1540586724.9161232,3.27713,7.06319,,,
1540586724.9888313,3.27682,7.06343,,,
1540586725.0946028,3.27682,7.06343,,,
1540586725.2009847,3.27682,7.06343,0,0,0
1540586725.329908,3.2766,7.06343,,,
1540586725.4133961,3.2766,7.06421,,,
1540586725.511517,3.2766,7.06421,,,
1540586725.6100285,3.2766,7.06421,,,
1540586725.7048702,3.27629,7.06499,,,
1540586725.821676,3.27629,7.06499,,,
1540586725.9241168,3.27629,7.06499,,,
1540586726.007009,3.27606,7.06523,,,
1540586726.104499,3.27606,7.06523,,,
1540586726.211831,3.27606,7.06523,0,0,0
1540586726.3184805,3.27576,7.06523,,,
1540586726.4086313,3.27576,7.06601,,,
1540586726.5092313,3.27576,7.06601,,,
1540586726.6100843,3.27576,7.06601,,,
1540586726.710563,3.27553,7.06627,,,
1540586726.8044078,3.27553,7.06627,,,
1540586726.9046376,3.27553,7.06627,,,
1540586727.0081089,3.27524,7.06679,,,
1540586727.1095698,3.27524,7.06679,,,
1540586727.2066221,3.27524,7.06679,0,0,0
1540586727.3062105,3.27493,7.06679,,,
1540586727.4099464,3.27493,7.06781,,,
1540586727.5245705,3.27493,7.06781,,,
1540586727.6253147,3.27463,7.06781,,,
1540586727.7137482,3.27463,7.06833,,,
1540586727.8112278,3.27463,7.06833,,,
1540586727.9214544,3.27463,7.06833,,,
1540586728.025191,3.27432,7.06883,,,
1540586728.1066425,3.27432,7.06883,,,
1540586728.2079713,3.27432,7.06883,0,0,0
1540586728.3177168,3.27402,7.06883,,,
1540586728.4235733,3.27402,7.06987,,,
1540586728.509316,3.27402,7.06987,,,
1540586728.6083097,3.27402,7.06987,,,
1540586728.7171922,3.27371,7.07039,,,
1540586728.8228676,3.27371,7.07039,,,
1540586728.9131825,3.27371,7.07039,,,
1540586729.0127463,3.27342,7.07039,,,
1540586729.1150408,3.27342,7.07089,,,
1540586729.2136688,3.27342,7.07089,0,0,0
1540586729.3130908,3.27312,7.07089,,,
1540586729.412819,3.27312,7.07193,,,
1540586729.5156815,3.27312,7.07193,,,
1540586729.630125,3.27312,7.07193,,,
1540586729.7305067,3.27281,7.07243,,,
1540586729.8120296,3.27281,7.07243,,,
1540586729.9113257,3.27281,7.07243,,,
1540586730.0208335,3.27251,7.07295,,,
1540586730.1248314,3.27251,7.07295,,,
1540586730.2123666,3.27251,7.07295,0,0,0
1540586730.3139906,3.2722,7.07295,,,
1540586730.417939,3.2722,7.07399,,,
1540586730.5187252,3.2722,7.07399,,,
1540586730.6193614,3.2722,7.07399,,,
1540586730.718437,3.2719,7.07449,,,
1540586730.8204105,3.2719,7.07449,,,
1540586730.93071,3.2719,7.07449,,,
1540586731.033694,3.27161,7.07449,,,
1540586731.1183517,3.27161,7.07501,,,
1540586731.2190886,3.27161,7.07501,0,0,0
1540586731.3255455,3.27122,7.07501,,,
1540586731.430926,3.27122,7.07553,,,
1540586731.5212772,3.27122,7.07553,,,
1540586731.6201901,3.27122,7.07553,,,
1540586731.7211537,3.27092,7.07629,,,
1540586731.8221967,3.27092,7.07629,,,
1540586731.915464,3.27092,7.07629,,,
1540586732.0191298,3.27061,7.07629,,,
1540586732.1218574,3.27061,7.07707,,,
1540586732.2221596,3.27061,7.07707,0,0,0
1540586732.3196833,3.27031,7.07707,,,
1540586732.4210982,3.27031,7.07784,,,
1540586732.515095,3.27031,7.07784,,,
1540586732.6366577,3.27031,7.07784,,,
1540586732.7392685,3.27,7.07835,,,
1540586732.8268971,3.27,7.07835,,,
1540586732.9207444,3.27,7.07835,,,
1540586733.0254188,3.26964,7.07835,,,
1540586733.132406,3.26964,7.07887,,,
1540586733.2213557,3.26964,7.07887,0,0,0
1540586733.3182497,3.26933,7.07887,,,
1540586733.420372,3.26933,7.07964,,,
1540586733.5233607,3.26933,7.07964,,,
1540586733.6196387,3.26933,7.07964,,,
1540586733.7194471,3.26903,7.08093,,,
1540586733.8200312,3.26903,7.08093,,,
1540586733.939669,3.26903,7.08093,,,
1540586734.041924,3.26865,7.08093,,,
1540586734.1240528,3.26865,7.0817,,,
1540586734.2219875,3.26865,7.0817,0,0,0
1540586734.3307884,3.26834,7.0817,,,
1540586734.4318163,3.26834,7.08221,,,
1540586734.523298,3.26834,7.08221,,,
1540586734.6198087,3.26834,7.08221,,,
1540586734.7249677,3.26804,7.08299,,,
1540586734.8238301,3.26804,7.08299,,,
1540586734.9215884,3.26804,7.08299,,,
1540586735.0225503,3.26767,7.08299,,,
1540586735.1230597,3.26767,7.08376,,,
1540586735.2407773,3.26767,7.08376,0,0,0
1540586735.3449671,3.26736,7.08376,,,
1540586735.4209423,3.26736,7.08427,,,
1540586735.5238304,3.26736,7.08427,,,
1540586735.6320243,3.26736,7.08427,,,
1540586735.7322834,3.26698,7.08504,,,
1540586735.827807,3.26698,7.08504,,,
1540586735.922771,3.26698,7.08504,,,
1540586736.036136,3.26668,7.08504,,,
1540586736.1338677,3.26668,7.08582,,,
1540586736.230961,3.26668,7.08582,0,0,0
1540586736.3295348,3.26668,7.08582,,,
1540586736.4331765,3.2663,7.08659,,,
1540586736.5435472,3.2663,7.08659,,,
1540586736.6456409,3.2663,7.08659,,,
1540586736.7278185,3.26599,7.0871,,,
1540586736.8301408,3.26599,7.0871,,,
1540586736.9360194,3.26599,7.0871,,,
1540586737.0422592,3.26563,7.0871,,,
1540586737.1304154,3.26563,7.08788,,,
1540586737.2311716,3.26563,7.08788,0,0,0
1540586737.335907,3.26532,7.08788,,,
1540586737.4418032,3.26532,7.08839,,,
1540586737.528543,3.26532,7.08839,,,
1540586737.6297843,3.26532,7.08839,,,
1540586737.736629,3.26494,7.08942,,,
1540586737.8420568,3.26494,7.08942,,,
1540586737.928789,3.26494,7.08942,,,
1540586738.029117,3.26463,7.08942,,,
1540586738.136263,3.26463,7.09019,,,
1540586738.2427616,3.26463,7.09019,0,0,0
1540586738.3301673,3.26463,7.09019,,,
1540586738.4297655,3.26425,7.0907,,,
1540586738.5367434,3.26425,7.0907,,,
1540586738.6427479,3.26425,7.0907,,,
1540586738.729644,3.26389,7.09174,,,
1540586738.829335,3.26389,7.09174,,,
1540586738.9361207,3.26389,7.09174,,,
1540586739.0426474,3.26358,7.09174,,,
1540586739.132152,3.26358,7.09224,,,
1540586739.2318377,3.26358,7.09224,0,0,0
1540586739.3324046,3.26358,7.09224,,,
1540586739.4328713,3.2632,7.09328,,,
1540586739.5322053,3.2632,7.09328,,,
1540586739.629765,3.2632,7.09328,,,
1540586739.7292345,3.26289,7.09404,,,
1540586739.8506365,3.26289,7.09404,,,
1540586739.9493723,3.26289,7.09404,,,
1540586740.0312324,3.26251,7.09404,,,
1540586740.1307743,3.26251,7.09482,,,
1540586740.2438478,3.26251,7.09482,0,0,0
1540586740.3441062,3.26251,7.09482,,,
1540586740.4321616,3.26213,7.09584,,,
1540586740.5328748,3.26213,7.09584,,,
1540586740.6383088,3.26213,7.09584,,,
1540586740.7371206,3.26176,7.09584,,,
1540586740.8353617,3.26176,7.09636,,,
1540586740.9358902,3.26176,7.09636,,,
1540586741.0365233,3.26146,7.09636,,,
1540586741.1372669,3.26146,7.09714,,,
1540586741.2545257,3.26146,7.09714,0,0,0
1540586741.3319294,3.26146,7.09714,,,
1540586741.4328418,3.26108,7.09764,,,
1540586741.5469368,3.26108,7.09764,,,
1540586741.6481586,3.26108,7.09764,,,
1540586741.7347827,3.2607,7.09764,,,
1540586741.8349695,3.2607,7.09868,,,
1540586741.9422514,3.2607,7.09868,,,
1540586742.0477037,3.26031,7.09868,,,
1540586742.1385226,3.26031,7.09944,,,
1540586742.237675,3.26031,7.09944,0,0,0
1540586742.33786,3.26031,7.09944,,,
1540586742.4395916,3.26003,7.10022,,,
1540586742.5385172,3.26003,7.10022,,,
1540586742.6349847,3.26003,7.10022,,,
1540586742.7356784,3.25964,7.10022,,,
1540586742.8553767,3.25964,7.10124,,,
1540586742.9547124,3.25964,7.10124,,,
1540586743.0364301,3.25926,7.10124,,,
1540586743.1412401,3.25926,7.10176,,,
1540586743.249088,3.25926,7.10176,0,0,0
1540586743.3500626,3.25926,7.10176,,,
1540586743.4377227,3.25888,7.10228,,,
1540586743.5370102,3.25888,7.10228,,,
1540586743.64837,3.25888,7.10228,,,
1540586743.7470078,3.25858,7.10228,,,
1540586743.8380177,3.25858,7.10304,,,
1540586743.9372213,3.25858,7.10304,,,
1540586744.0406117,3.25819,7.10304,,,
1540586744.1417196,3.25819,7.10434,,,
1540586744.2406204,3.25819,7.10434,0,0,0
1540586744.3408096,3.25819,7.10434,,,
1540586744.440585,3.25783,7.10536,,,
1540586744.5552301,3.25783,7.10536,,,
1540586744.655615,3.25783,7.10536,,,
1540586744.7381954,3.25745,7.10536,,,
1540586744.8381412,3.25745,7.10588,,,
1540586744.9482167,3.25745,7.10588,,,
1540586745.052292,3.25706,7.10588,,,
1540586745.1387277,3.25706,7.1069,,,
1540586745.2403836,3.25706,7.1069,0,0,0
1540586745.3483553,3.25706,7.1069,,,
1540586745.4495058,3.25676,7.10768,,,
1540586745.5468142,3.25676,7.10768,,,
1540586745.6469984,3.25676,7.10768,,,
1540586745.7457137,3.25638,7.10768,,,
1540586745.8443344,3.25638,7.1082,,,
1540586745.9648564,3.25638,7.1082,,,
1540586746.0393515,3.25638,7.1082,,,
1540586746.1399698,3.25601,7.1087,,,
1540586746.2559144,3.25601,7.1087,0,0,0
1540586746.3607023,3.25601,7.1087,,,
1540586746.4412973,3.25563,7.11,,,
1540586746.542574,3.25563,7.11,,,
1540586746.6518486,3.25563,7.11,,,
1540586746.7546506,3.25525,7.11,,,
1540586746.8420691,3.25525,7.11076,,,
1540586746.943754,3.25525,7.11076,,,
1540586747.0462124,3.25525,7.11076,,,
1540586747.1486006,3.25487,7.11154,,,
1540586747.2434528,3.25487,7.11154,0,0,0
1540586747.3467672,3.25487,7.11154,,,
1540586747.447136,3.25449,7.11256,,,
1540586747.5616891,3.25449,7.11256,,,
1540586747.6625667,3.25449,7.11256,,,
1540586747.7413304,3.25412,7.11256,,,
1540586747.8431106,3.25412,7.11308,,,
1540586747.9521027,3.25412,7.11308,,,
1540586748.0591958,3.25374,7.11308,,,
1540586748.1428914,3.25374,7.11385,0,0,0
1540586748.2439568,3.25374,7.11385,,,
1540586748.3521998,3.25374,7.11385,,,
1540586748.4587946,3.25336,7.11462,,,
1540586748.546077,3.25336,7.11462,,,
1540586748.6501677,3.25336,7.11462,,,
1540586748.7487664,3.25298,7.11462,,,
1540586748.8502324,3.25298,7.11565,,,
1540586748.9535902,3.25298,7.11565,,,
1540586749.0513196,3.25298,7.11565,,,
1540586749.1513784,3.25259,7.11617,,,
1540586749.2649198,3.25259,7.11617,0,0,0
1540586749.3666682,3.25259,7.11617,,,
1540586749.4485705,3.25223,7.1172,,,
1540586749.547163,3.25223,7.1172,,,
1540586749.6595573,3.25223,7.1172,,,
1540586749.7581627,3.25185,7.1172,,,
1540586749.8510437,3.25185,7.11797,,,
1540586749.9498057,3.25185,7.11797,,,
1540586750.0549254,3.25185,7.11797,,,
1540586750.1535778,3.25146,7.119,0,0,0
1540586750.2523854,3.25146,7.119,,,
1540586750.351732,3.25146,7.119,,,
1540586750.4523997,3.25108,7.11977,,,
1540586750.56992,3.25108,7.11977,,,
1540586750.6698382,3.25108,7.11977,,,
1540586750.7501535,3.25063,7.11977,,,
1540586750.8511262,3.25063,7.12054,,,
1540586750.9640398,3.25063,7.12054,,,
1540586751.0642903,3.25026,7.12054,,,
1540586751.1520216,3.25026,7.12183,0,0,0
1540586751.2530437,3.25026,7.12183,,,
1540586751.3587482,3.25026,7.12183,,,
1540586751.459113,3.24988,7.12234,,,
1540586751.5517623,3.24988,7.12234,,,
1540586751.6540675,3.24988,7.12234,,,
1540586751.7560327,3.2495,7.12234,,,
1540586751.8553567,3.2495,7.12311,,,
1540586751.9548197,3.2495,7.12311,,,
1540586752.0573711,3.2495,7.12311,,,
1540586752.1582696,3.24911,7.12363,0,0,0
1540586752.2721474,3.24911,7.12363,,,
1540586752.3713937,3.24911,7.12363,,,
1540586752.4519663,3.24873,7.12363,,,
1540586752.553543,3.24873,7.12465,,,
1540586752.6632912,3.24873,7.12465,,,
1540586752.7636573,3.24837,7.12465,,,
1540586752.8561661,3.24837,7.12543,,,
1540586752.9547658,3.24837,7.12543,,,
1540586753.0591414,3.24837,7.12543,,,
1540586753.1591015,3.24799,7.12645,0,0,0
1540586753.2551184,3.24799,7.12645,,,
1540586753.3558285,3.24799,7.12645,,,
1540586753.4573255,3.24753,7.12645,,,
1540586753.5756707,3.24753,7.12723,,,
1540586753.6554866,3.24753,7.12723,,,
1540586753.755305,3.24715,7.12723,,,
1540586753.858588,3.24715,7.12825,,,
1540586753.9684887,3.24715,7.12825,,,
1540586754.0757601,3.24715,7.12825,,,
1540586754.157706,3.24677,7.12929,0,0,0
1540586754.261665,3.24677,7.12929,,,
1540586754.363631,3.24677,7.12929,,,
1540586754.4635134,3.2464,7.12929,,,
1540586754.5559902,3.2464,7.13007,,,
1540586754.6675663,3.2464,7.13007,,,
1540586754.7627063,3.24594,7.13007,,,
1540586754.863345,3.24594,7.13109,,,
1540586754.9590428,3.24594,7.13109,,,
1540586755.0576725,3.24594,7.13109,,,
1540586755.1610966,3.24556,7.13161,0,0,0
1540586755.2805548,3.24556,7.13161,,,
1540586755.3780606,3.24556,7.13161,,,
1540586755.4679382,3.24518,7.13161,,,
1540586755.5608513,3.24518,7.13289,,,
1540586755.6717558,3.24518,7.13289,,,
1540586755.7760024,3.2448,7.13289,,,
1540586755.869756,3.2448,7.13367,,,
1540586755.9687533,3.2448,7.13367,,,
1540586756.068385,3.2448,7.13367,,,
1540586756.1697845,3.24443,7.13417,0,0,0
1540586756.269395,3.24443,7.13417,,,
1540586756.371609,3.24443,7.13417,,,
1540586756.4711924,3.24397,7.13417,,,
1540586756.5832338,3.24397,7.13495,,,
1540586756.68521,3.24397,7.13495,,,
1540586756.7730684,3.24359,7.13495,,,
1540586756.8719015,3.24359,7.13623,,,
1540586756.9761953,3.24359,7.13623,,,
1540586757.0803068,3.24359,7.13623,,,
1540586757.1730716,3.24321,7.13675,0,0,0
1540586757.271839,3.24321,7.13675,,,
1540586757.3765988,3.24321,7.13675,,,
1540586757.4741533,3.24283,7.13675,,,
1540586757.5713346,3.24283,7.13803,,,
1540586757.669889,3.24283,7.13803,,,
1540586757.7717924,3.24239,7.13803,,,
1540586757.8741176,3.24239,7.13855,,,
1540586757.9689424,3.24239,7.13855,,,
1540586758.0678818,3.24239,7.13855,,,
1540586758.170079,3.242,7.13957,0,0,0
1540586758.2868938,3.242,7.13957,,,
1540586758.3897288,3.242,7.13957,,,
1540586758.4742162,3.24162,7.13957,,,
1540586758.5747137,3.24162,7.14061,,,
1540586758.6865056,3.24162,7.14061,,,
1540586758.7845175,3.24117,7.14061,,,
1540586758.8742921,3.24117,7.14137,,,
1540586758.9733996,3.24117,7.14137,,,
1540586759.0762928,3.24117,7.14137,,,
1540586759.1754477,3.2408,7.14241,0,0,0
1540586759.2722282,3.2408,7.14241,,,
1540586759.371576,3.2408,7.14241,,,
1540586759.4709537,3.24034,7.14241,,,
1540586759.591016,3.24034,7.14317,,,
1540586759.6707652,3.24034,7.14317,,,
1540586759.7708106,3.24034,7.14317,,,
1540586759.8713706,3.23996,7.14447,,,
1540586759.9817374,3.23996,7.14447,,,
1540586760.0891335,3.23996,7.14447,,,
1540586760.174152,3.23958,7.14497,0,0,0
1540586760.2743113,3.23958,7.14497,,,
1540586760.3834922,3.23958,7.14497,,,
1540586760.483733,3.23912,7.14497,,,
1540586760.5687203,3.23912,7.14627,,,
1540586760.671227,3.23912,7.14627,,,
1540586760.774616,3.23912,7.14627,,,
1540586760.8760128,3.23875,7.14677,,,
1540586760.9743152,3.23875,7.14677,,,
1540586761.0731795,3.23875,7.14677,,,
1540586761.1743555,3.23837,7.14755,0,0,0
1540586761.29662,3.23837,7.14755,,,
1540586761.3942547,3.23837,7.14755,,,
1540586761.477027,3.23792,7.14755,,,
1540586761.579666,3.23792,7.14832,,,
1540586761.6834817,3.23792,7.14832,,,
1540586761.7884786,3.23753,7.14832,,,
1540586761.8792489,3.23753,7.14961,,,
1540586761.9797812,3.23753,7.14961,,,
1540586762.0833626,3.23753,7.14961,,,
1540586762.1830976,3.23715,7.15012,0,0,0
1540586762.2785883,3.23715,7.15012,,,
1540586762.3795035,3.23715,7.15012,,,
1540586762.479718,3.23671,7.15012,,,
1540586762.5816371,3.23671,7.15141,,,
1540586762.679672,3.23671,7.15141,,,
1540586762.7797523,3.23671,7.15141,,,
1540586762.881691,3.23633,7.15269,,,
1540586762.9937901,3.23633,7.15269,,,
1540586763.0968604,3.23633,7.15269,,,
1540586763.179822,3.23587,7.15321,0,0,0
1540586763.2817,3.23587,7.15321,,,
1540586763.388495,3.23587,7.15321,,,
1540586763.492472,3.23549,7.15321,,,
1540586763.5785,3.23549,7.15398,,,
1540586763.6781337,3.23549,7.15398,,,
1540586763.7846951,3.23549,7.15398,,,
1540586763.8845878,3.23511,7.15501,,,
1540586763.9807405,3.23511,7.15501,,,
1540586764.0803394,3.23511,7.15501,,,
1540586764.183046,3.23466,7.15604,0,0,0
1540586764.3097107,3.23466,7.15604,,,
1540586764.3835883,3.23466,7.15604,,,
1540586764.4811015,3.23428,7.15604,,,
1540586764.5830717,3.23428,7.15681,,,
1540586764.6935575,3.23428,7.15681,,,
1540586764.7945201,3.23383,7.15681,,,
1540586764.8822634,3.23383,7.15784,,,
1540586764.9820917,3.23383,7.15784,,,
1540586765.085009,3.23383,7.15784,,,
1540586765.18507,3.23344,7.15862,0,0,0
1540586765.2824368,3.23344,7.15862,,,
1540586765.382334,3.23344,7.15862,,,
1540586765.4865057,3.233,7.15862,,,
1540586765.6006963,3.233,7.15938,,,
1540586765.7028794,3.233,7.15938,,,
1540586765.7845628,3.233,7.15938,,,
1540586765.8842971,3.23262,7.16042,,,
1540586765.993464,3.23262,7.16042,,,
1540586766.0971816,3.23262,7.16042,,,
1540586766.188026,3.23216,7.16042,0,0,0
1540586766.2872038,3.23216,7.16118,,,
1540586766.3868866,3.23216,7.16118,,,
1540586766.4905946,3.23178,7.16118,,,
1540586766.5893574,3.23178,7.16222,,,
1540586766.686949,3.23178,7.16222,,,
1540586766.786637,3.23178,7.16222,,,
1540586766.902425,3.23132,7.16324,,,
1540586767.004569,3.23132,7.16324,,,
1540586767.0917654,3.23132,7.16324,,,
1540586767.1902962,3.23088,7.16324,0,0,0
1540586767.2936714,3.23088,7.16402,,,
1540586767.4000034,3.23088,7.16402,,,
1540586767.49389,3.2305,7.16402,,,
1540586767.5944939,3.2305,7.1653,,,
1540586767.6925616,3.2305,7.1653,,,
1540586767.7898264,3.2305,7.1653,,,
1540586767.8933473,3.23004,7.16632,,,
1540586767.9904225,3.23004,7.16632,,,
1540586768.0889778,3.23004,7.16632,,,
1540586768.2069454,3.22966,7.1671,0,0,0
1540586768.313404,3.22966,7.1671,,,
1540586768.393893,3.22966,7.1671,,,
1540586768.4901392,3.22922,7.1671,,,
1540586768.6007872,3.22922,7.16788,,,
1540586768.709795,3.22922,7.16788,,,
1540586768.7909238,3.22922,7.16788,,,
1540586768.8896744,3.22884,7.1689,,,
1540586768.9995675,3.22884,7.1689,,,
1540586769.1027303,3.22884,7.1689,,,
1540586769.1957233,3.22838,7.1689,0,0,0
1540586769.297125,3.22838,7.16968,,,
1540586769.3969896,3.22838,7.16968,,,
1540586769.4948332,3.22792,7.16968,,,
1540586769.5946822,3.22792,7.17096,,,
1540586769.694649,3.22792,7.17096,,,
1540586769.7946455,3.22792,7.17096,,,
1540586769.9090514,3.22754,7.17172,,,
1540586770.010029,3.22754,7.17172,,,
1540586770.0961115,3.22754,7.17172,,,
1540586770.1971538,3.2271,7.17172,0,0,0
1540586770.303037,3.2271,7.1725,,,
1540586770.409769,3.2271,7.1725,,,
1540586770.4973059,3.22672,7.1725,,,
1540586770.599387,3.22672,7.17328,,,
1540586770.700794,3.22672,7.17328,,,
1540586770.7993772,3.22672,7.17328,,,
1540586770.8959901,3.22626,7.1743,,,
1540586770.9963806,3.22626,7.1743,,,
1540586771.0982118,3.22626,7.1743,,,
1540586771.195192,3.2258,7.1743,0,0,0
1540586771.2964535,3.2258,7.17532,,,
1540586771.3969905,3.2258,7.17532,,,
1540586771.4989843,3.22543,7.17532,,,
1540586771.6082442,3.22543,7.17662,,,
1540586771.7179632,3.22543,7.17662,,,
1540586771.8051438,3.22543,7.17662,,,
1540586771.905109,3.22498,7.17764,,,
1540586772.0003936,3.22498,7.17764,,,
1540586772.114273,3.22498,7.17764,,,
1540586772.207127,3.22452,7.17764,0,0,0
1540586772.300628,3.22452,7.17842,,,
1540586772.3991523,3.22452,7.17842,,,
1540586772.5002522,3.22414,7.17842,,,
1540586772.6006694,3.22414,7.1797,,,
1540586772.6994421,3.22414,7.1797,,,
1540586772.801934,3.22414,7.1797,,,
1540586772.9167914,3.22368,7.18022,,,
1540586773.0196042,3.22368,7.18022,,,
1540586773.104773,3.22368,7.18022,,,
1540586773.2026236,3.22324,7.18022,0,0,0
1540586773.3162231,3.22324,7.18098,,,
1540586773.4192066,3.22324,7.18098,,,
1540586773.506293,3.22278,7.18098,,,
1540586773.602609,3.22278,7.18228,,,
1540586773.7115157,3.22278,7.18228,,,
1540586773.818131,3.22278,7.18228,,,
1540586773.9051237,3.2224,7.18304,,,
1540586774.0022678,3.2224,7.18304,,,
1540586774.1134138,3.2224,7.18304,,,
1540586774.2156856,3.22194,7.18304,0,0,0
1540586774.3085077,3.22194,7.18408,,,
1540586774.4116166,3.22194,7.18408,,,
1540586774.510012,3.22194,7.18408,,,
1540586774.6100256,3.22157,7.18484,,,
1540586774.7093933,3.22157,7.18484,,,
1540586774.8105743,3.22157,7.18484,,,
1540586774.9124873,3.22112,7.18613,,,
1540586775.010901,3.22112,7.18613,,,
1540586775.1098797,3.22112,7.18613,,,
1540586775.2112796,3.22066,7.18613,0,0,0
1540586775.3111491,3.22066,7.1869,,,
1540586775.420797,3.22066,7.1869,,,
1540586775.5205214,3.2202,7.1869,,,
1540586775.6080592,3.2202,7.18793,,,
1540586775.7029824,3.2202,7.18793,,,
1540586775.8142865,3.2202,7.18793,,,
1540586775.9182305,3.21974,7.18896,,,
1540586776.006312,3.21974,7.18896,,,
1540586776.1060123,3.21974,7.18896,,,
1540586776.2143624,3.21938,7.18896,0,0,0
1540586776.3209622,3.21938,7.18999,,,
1540586776.4086192,3.21938,7.18999,,,
1540586776.5079463,3.21938,7.18999,,,
1540586776.6082273,3.21892,7.19102,,,
1540586776.7110305,3.21892,7.19102,,,
1540586776.8097868,3.21892,7.19102,,,
1540586776.9062781,3.21846,7.19179,,,
1540586777.0077908,3.21846,7.19179,,,
1540586777.1272278,3.21846,7.19179,,,
1540586777.2268066,3.21808,7.19179,0,0,0
1540586777.3052938,3.21808,7.19283,,,
1540586777.4129674,3.21808,7.19283,,,
1540586777.5202532,3.21808,7.19283,,,
1540586777.6208909,3.21764,7.19385,,,
1540586777.7089622,3.21764,7.19385,,,
1540586777.808815,3.21764,7.19385,,,
1540586777.9113402,3.21718,7.19489,,,
1540586778.0118253,3.21718,7.19489,,,
1540586778.1120253,3.21718,7.19489,,,
1540586778.2102523,3.21672,7.19489,0,0,0
1540586778.3080254,3.21672,7.19565,,,
1540586778.4287374,3.21672,7.19565,,,
1540586778.5282192,3.21634,7.19565,,,
1540586778.611153,3.21634,7.19643,,,
1540586778.7104778,3.21634,7.19643,,,
1540586778.82197,3.21634,7.19643,,,
1540586778.9235024,3.21588,7.19643,,,
1540586779.0119166,3.21588,7.19745,,,
1540586779.1112309,3.21588,7.19745,,,
1540586779.2169974,3.21544,7.19745,0,0,0
1540586779.3248472,3.21544,7.19823,,,
1540586779.410982,3.21544,7.19823,,,
1540586779.512377,3.21544,7.19823,,,
1540586779.6214497,3.21498,7.19977,,,
1540586779.7248247,3.21498,7.19977,,,
1540586779.8157213,3.21498,7.19977,,,
1540586779.9168484,3.21452,7.19977,,,
1540586780.017182,3.21452,7.20105,,,
1540586780.11758,3.21452,7.20105,,,
1540586780.2188463,3.21407,7.20105,0,0,0
1540586780.3138902,3.21407,7.20157,,,
1540586780.4137883,3.21407,7.20157,,,
1540586780.5328383,3.21407,7.20157,,,
1540586780.632355,3.21362,7.20285,,,
1540586780.7158277,3.21362,7.20285,,,
1540586780.8150208,3.21362,7.20285,,,
1540586780.921083,3.21317,7.20363,,,
1540586781.0282838,3.21317,7.20363,,,
1540586781.1216648,3.21317,7.20363,,,
1540586781.248551,3.21278,7.20363,0,0,0
1540586781.3298712,3.21278,7.20439,,,
1540586781.4245822,3.21278,7.20439,,,
1540586781.5201986,3.21278,7.20439,,,
1540586781.6143942,3.21233,7.20543,,,
1540586781.7162383,3.21233,7.20543,,,
1540586781.8205626,3.21233,7.20543,,,
1540586781.9193344,3.21188,7.20543,,,
1540586782.0162613,3.21188,7.20645,,,
1540586782.116696,3.21188,7.20645,,,
1540586782.2363403,3.21143,7.20645,0,0,0
1540586782.3358386,3.21143,7.20749,,,
1540586782.4163148,3.21143,7.20749,,,
1540586782.5213468,3.21143,7.20749,,,
1540586782.6288004,3.21097,7.20851,,,
1540586782.7315378,3.21097,7.20851,,,
1540586782.8212247,3.21097,7.20851,,,
1540586782.917181,3.21051,7.20851,,,
1540586783.0171413,3.21051,7.20955,,,
1540586783.122548,3.21051,7.20955,,,
1540586783.2223067,3.21007,7.20955,0,0,0
1540586783.3198686,3.21007,7.21057,,,
1540586783.4193451,3.21007,7.21057,,,
1540586783.5368426,3.21007,7.21057,,,
1540586783.6380665,3.20961,7.21159,,,
1540586783.721611,3.20961,7.21159,,,
1540586783.820736,3.20961,7.21159,,,
1540586783.930278,3.20915,7.21159,,,
1540586784.032918,3.20915,7.21315,,,
1540586784.1224437,3.20915,7.21315,,,
1540586784.2224581,3.20915,7.21315,0,0,0
1540586784.3256934,3.20869,7.21391,,,
1540586784.4249632,3.20869,7.21391,,,
1540586784.5226834,3.20869,7.21391,,,
1540586784.621742,3.20831,7.21469,,,
1540586784.720986,3.20831,7.21469,,,
1540586784.823337,3.20831,7.21469,,,
1540586784.9238806,3.20787,7.21469,,,
1540586785.0225804,3.20787,7.21571,,,
1540586785.121893,3.20787,7.21571,,,
1540586785.2342253,3.20741,7.21571,0,0,0
1540586785.334527,3.20741,7.21675,,,
1540586785.421981,3.20741,7.21675,,,
1540586785.5264134,3.20741,7.21675,,,
1540586785.630349,3.20695,7.21777,,,
1540586785.7381887,3.20695,7.21777,,,
1540586785.8271608,3.20695,7.21777,,,
1540586785.9253569,3.2065,7.21777,,,
1540586786.0322917,3.2065,7.2188,,,
1540586786.1290624,3.2065,7.2188,,,
1540586786.2268367,3.2065,7.2188,0,0,0
1540586786.3249407,3.20605,7.21983,,,
1540586786.4243622,3.20605,7.21983,,,
1540586786.5280268,3.20605,7.21983,,,
1540586786.6286566,3.2056,7.22086,,,
1540586786.7245479,3.2056,7.22086,,,
1540586786.8235734,3.2056,7.22086,,,
1540586786.9382317,3.20514,7.22086,,,
1540586787.0421336,3.20514,7.22189,,,
1540586787.1263003,3.20514,7.22189,,,
1540586787.2255666,3.20514,7.22189,0,0,0
1540586787.3332944,3.20468,7.22318,,,
1540586787.4379766,3.20468,7.22318,,,
1540586787.5270739,3.20468,7.22318,,,
1540586787.6212544,3.20424,7.2242,,,
1540586787.7354279,3.20424,7.2242,,,
1540586787.8363538,3.20424,7.2242,,,
1540586787.9312508,3.20378,7.2242,,,
1540586788.0249784,3.20378,7.22498,,,
1540586788.1251786,3.20378,7.22498,,,
1540586788.2319574,3.20378,7.22498,0,0,0
1540586788.331308,3.20332,7.22575,,,
1540586788.4280922,3.20332,7.22575,,,
1540586788.5348365,3.20332,7.22575,,,
1540586788.649065,3.20287,7.22678,,,
1540586788.744787,3.20287,7.22678,,,
1540586788.8317118,3.20287,7.22678,,,
1540586788.9320533,3.20241,7.22678,,,
1540586789.0492222,3.20241,7.22806,,,
1540586789.1521487,3.20241,7.22806,,,
1540586789.238426,3.20241,7.22806,0,0,0
1540586789.3343022,3.20197,7.2291,,,
1540586789.4309509,3.20197,7.2291,,,
1540586789.5321453,3.20197,7.2291,,,
1540586789.631886,3.20151,7.2291,,,
1540586789.7270877,3.20151,7.22986,,,
1540586789.8281057,3.20151,7.22986,,,
1540586789.9498184,3.20105,7.22986,,,
1540586790.0521977,3.20105,7.23116,,,
1540586790.1342356,3.20105,7.23116,,,
1540586790.231073,3.20105,7.23116,0,0,0
1540586790.3458567,3.20059,7.23192,,,
1540586790.442056,3.20059,7.23192,,,
1540586790.5354133,3.20059,7.23192,,,
1540586790.6370134,3.20015,7.23192,,,
1540586790.740954,3.20015,7.23296,,,
1540586790.8354132,3.20015,7.23296,,,
1540586790.9342506,3.19969,7.23296,,,
1540586791.0340626,3.19969,7.23372,,,
1540586791.135495,3.19969,7.23372,,,
1540586791.2521431,3.19923,7.23372,0,0,0
1540586791.3521416,3.19923,7.23476,,,
1540586791.4326808,3.19923,7.23476,,,
1540586791.5325308,3.19923,7.23476,,,
1540586791.6450105,3.19878,7.2363,,,
1540586791.7479906,3.19878,7.2363,,,
1540586791.834132,3.19878,7.2363,,,
1540586791.9344962,3.19833,7.2363,,,
1540586792.039291,3.19833,7.23732,,,
1540586792.1485662,3.19833,7.23732,,,
1540586792.2351007,3.19833,7.23732,0,0,0
1540586792.3382735,3.19788,7.23836,,,
1540586792.4389324,3.19788,7.23836,,,
1540586792.541372,3.19788,7.23836,,,
1540586792.6386292,3.19742,7.23836,,,
1540586792.756059,3.19742,7.23938,,,
1540586792.8457217,3.19742,7.23938,,,
1540586792.944852,3.19696,7.23938,,,
1540586793.058611,3.19696,7.2404,,,
1540586793.140092,3.19696,7.2404,0,0,0
1540586793.2403114,3.19696,7.2404,,,
1540586793.3503637,3.19652,7.24144,,,
1540586793.4554236,3.19652,7.24144,,,
1540586793.5426905,3.19652,7.24144,,,
1540586793.6378784,3.19606,7.24144,,,
1540586793.7490454,3.19606,7.24246,,,
1540586793.8508332,3.19606,7.24246,,,
1540586793.936143,3.1956,7.24246,,,
1540586794.0366902,3.1956,7.2435,,,
1540586794.1441553,3.1956,7.2435,,,
1540586794.2496448,3.1956,7.2435,0,0,0
1540586794.3411384,3.19514,7.24452,,,
1540586794.4390085,3.19514,7.24452,,,
1540586794.5414705,3.19514,7.24452,,,
1540586794.6409113,3.1947,7.24452,,,
1540586794.740953,3.1947,7.24556,,,
1540586794.8365273,3.1947,7.24556,,,
1540586794.9358537,3.1947,7.24556,,,
1540586795.057252,3.19417,7.24658,,,
1540586795.1384907,3.19417,7.24658,0,0,0
1540586795.2376409,3.19417,7.24658,,,
1540586795.3387659,3.19371,7.2476,,,
1540586795.4497097,3.19371,7.2476,,,
1540586795.5513477,3.19371,7.2476,,,
1540586795.6382744,3.19325,7.2476,,,
1540586795.7392254,3.19325,7.24864,,,
1540586795.845824,3.19325,7.24864,,,
1540586795.951846,3.19279,7.24864,,,
1540586796.0478933,3.19279,7.24966,,,
1540586796.1448936,3.19279,7.24966,,,
1540586796.2444615,3.19279,7.24966,0,0,0
1540586796.3447301,3.19235,7.2507,,,
1540586796.444483,3.19235,7.2507,,,
1540586796.5456157,3.19235,7.2507,,,
1540586796.6457262,3.19189,7.2507,,,
1540586796.7590046,3.19189,7.25172,,,
1540586796.859218,3.19189,7.25172,,,
1540586796.9390712,3.19189,7.25172,,,
1540586797.0464544,3.19144,7.25301,,,
1540586797.1492355,3.19144,7.25301,,,
1540586797.255265,3.19144,7.25301,0,0,0
1540586797.3426318,3.19098,7.25378,,,
1540586797.4436877,3.19098,7.25378,,,
1540586797.549773,3.19098,7.25378,,,
1540586797.6546056,3.19054,7.25378,,,
1540586797.748731,3.19054,7.25507,,,
1540586797.8493907,3.19054,7.25507,,,
1540586797.9468634,3.19054,7.25507,,,
1540586798.050374,3.19008,7.25584,,,
1540586798.1484902,3.19008,7.25584,,,
1540586798.2465034,3.19008,7.25584,0,0,0
1540586798.348345,3.18954,7.25713,,,
1540586798.460815,3.18954,7.25713,,,
1540586798.5635564,3.18954,7.25713,,,
1540586798.6487236,3.18909,7.25713,,,
1540586798.7465985,3.18909,7.25841,,,
1540586798.854222,3.18909,7.25841,,,
1540586798.9601958,3.18864,7.25841,,,
1540586799.0472295,3.18864,7.25919,,,
1540586799.1482365,3.18864,7.25919,,,
1540586799.2543507,3.18864,7.25919,0,0,0
1540586799.3595772,3.18819,7.26021,,,
1540586799.4483414,3.18819,7.26021,,,
1540586799.548122,3.18819,7.26021,,,
1540586799.65486,3.18773,7.26021,,,
1540586799.7606938,3.18773,7.26125,,,
1540586799.8481958,3.18773,7.26125,,,
1540586799.9464543,3.18773,7.26125,,,
1540586800.0551078,3.18727,7.26227,,,
1540586800.15894,3.18727,7.26227,0,0,0
1540586800.2485542,3.18727,7.26227,,,
1540586800.3471243,3.18675,7.26357,,,
1540586800.4553843,3.18675,7.26357,,,
1540586800.5627263,3.18675,7.26357,,,
1540586800.651818,3.18629,7.26357,,,
1540586800.7513268,3.18629,7.26407,,,
1540586800.8519027,3.18629,7.26407,,,
1540586800.9517632,3.18629,7.26407,,,
1540586801.0526025,3.18584,7.26561,,,
1540586801.1472077,3.18584,7.26561,,,
1540586801.2515182,3.18584,7.26561,0,0,0
1540586801.3682957,3.18538,7.26639,,,
1540586801.4671707,3.18538,7.26639,,,
1540586801.5496254,3.18538,7.26639,,,
1540586801.6497123,3.18494,7.26639,,,
1540586801.7595618,3.18494,7.26767,,,
1540586801.863155,3.18494,7.26767,,,
1540586801.9510581,3.18494,7.26767,,,
1540586802.0515926,3.18448,7.26845,,,
1540586802.1532536,3.18448,7.26845,,,
1540586802.2536812,3.18448,7.26845,0,0,0
1540586802.3545597,3.18402,7.26845,,,
1540586802.4547706,3.18402,7.26999,,,
1540586802.5551538,3.18402,7.26999,,,
1540586802.66869,3.18349,7.26999,,,
1540586802.7695293,3.18349,7.27103,,,
1540586802.8515527,3.18349,7.27103,,,
1540586802.9517386,3.18349,7.27103,,,
1540586803.060826,3.18304,7.27205,,,
1540586803.1595964,3.18304,7.27205,0,0,0
1540586803.250458,3.18304,7.27205,,,
1540586803.351557,3.18259,7.27205,,,
1540586803.4562402,3.18259,7.27307,,,
1540586803.5568728,3.18259,7.27307,,,
1540586803.6577094,3.18213,7.27307,,,
1540586803.758527,3.18213,7.27385,,,
1540586803.8580918,3.18213,7.27385,,,
1540586803.971417,3.18213,7.27385,,,
1540586804.0737817,3.18167,7.27487,,,
1540586804.1547823,3.18167,7.27487,0,0,0
1540586804.2538953,3.18167,7.27487,,,
1540586804.3684494,3.18123,7.27591,,,
1540586804.4691167,3.18123,7.27591,,,
1540586804.5549662,3.18123,7.27591,,,
1540586804.6549082,3.18077,7.27591,,,
1540586804.760548,3.18077,7.27693,,,
1540586804.8612888,3.18077,7.27693,,,
1540586804.9561622,3.18077,7.27693,,,
1540586805.0561569,3.18031,7.27797,,,
1540586805.158616,3.18031,7.27797,0,0,0
1540586805.260273,3.18031,7.27797,,,
1540586805.3581414,3.17986,7.27797,,,
1540586805.4592137,3.17986,7.27899,,,
1540586805.561134,3.17986,7.27899,,,
1540586805.6716988,3.1794,7.27899,,,
1540586805.77272,3.1794,7.28027,,,
1540586805.8603601,3.1794,7.28027,,,
1540586805.955164,3.1794,7.28027,,,
1540586806.0621872,3.17896,7.28105,,,
1540586806.161567,3.17896,7.28105,0,0,0
1540586806.2589917,3.17896,7.28105,,,
1540586806.359964,3.1785,7.28105,,,
1540586806.4607036,3.1785,7.28259,,,
1540586806.578421,3.1785,7.28259,,,
1540586806.6785269,3.17796,7.28259,,,
1540586806.762605,3.17796,7.28363,,,
1540586806.8607914,3.17796,7.28363,,,
1540586806.9694016,3.17796,7.28363,,,
1540586807.0704002,3.17751,7.28465,,,
1540586807.157973,3.17751,7.28465,0,0,0
1540586807.2575126,3.17751,7.28465,,,
1540586807.3660798,3.17706,7.28465,,,
1540586807.4646509,3.17706,7.28568,,,
1540586807.5588384,3.17706,7.28568,,,
1540586807.6595685,3.17706,7.28568,,,
1540586807.761737,3.17661,7.28671,,,
1540586807.8622289,3.17661,7.28671,,,
1540586807.960632,3.17661,7.28671,,,
1540586808.0612037,3.17615,7.28773,,,
1540586808.1637716,3.17615,7.28773,0,0,0
1540586808.2782922,3.17615,7.28773,,,
1540586808.3807628,3.17561,7.28773,,,
1540586808.4637322,3.17561,7.28903,,,
1540586808.5641532,3.17561,7.28903,,,
1540586808.6728966,3.17517,7.28903,,,
1540586808.7747018,3.17517,7.28979,,,
1540586808.862295,3.17517,7.28979,,,
1540586808.9630237,3.17517,7.28979,,,
1540586809.0670784,3.17471,7.29108,,,
1540586809.1660776,3.17471,7.29108,0,0,0
1540586809.262798,3.17471,7.29108,,,
1540586809.364195,3.17426,7.29108,,,
1540586809.4670885,3.17426,7.29185,,,
1540586809.5653768,3.17426,7.29185,,,
1540586809.6648176,3.17426,7.29185,,,
1540586809.7636452,3.1738,7.29314,,,
1540586809.8664832,3.1738,7.29314,,,
1540586809.975232,3.1738,7.29314,,,
1540586810.0783913,3.17336,7.29417,,,
1540586810.166665,3.17336,7.29417,0,0,0
1540586810.267066,3.17336,7.29417,,,
1540586810.3678675,3.1729,7.29417,,,
1540586810.4682183,3.1729,7.2952,,,
1540586810.56518,3.1729,7.2952,,,
1540586810.6645877,3.1729,7.2952,,,
1540586810.76881,3.17236,7.29623,,,
1540586810.884224,3.17236,7.29623,,,
1540586810.9853148,3.17236,7.29623,,,
1540586811.0689907,3.17191,7.29726,,,
1540586811.1668754,3.17191,7.29726,0,0,0
1540586811.274107,3.17191,7.29726,,,
1540586811.3771217,3.17146,7.29726,,,
1540586811.4708645,3.17146,7.29828,,,
1540586811.5665853,3.17146,7.29828,,,
1540586811.6706216,3.17146,7.29828,,,
1540586811.7721634,3.17101,7.29958,,,
1540586811.8666859,3.17101,7.29958,,,
1540586811.9678755,3.17101,7.29958,,,
1540586812.0711665,3.17055,7.30034,,,
1540586812.1890883,3.17055,7.30034,0,0,0
1540586812.267681,3.17055,7.30034,,,
1540586812.3709102,3.17009,7.30034,,,
1540586812.4719322,3.17009,7.30164,,,
1540586812.580481,3.17009,7.30164,,,
1540586812.682259,3.17009,7.30164,,,
1540586812.7714148,3.16965,7.3024,,,
1540586812.8728778,3.16965,7.3024,,,
1540586812.9732823,3.16965,7.3024,,,
1540586813.0743704,3.16919,7.3024,,,
1540586813.1695971,3.16919,7.30368,0,0,0
1540586813.2712796,3.16919,7.30368,,,
1540586813.376816,3.16873,7.30368,,,
1540586813.492509,3.16873,7.30446,,,
1540586813.5934505,3.16873,7.30446,,,
1540586813.6797678,3.16873,7.30446,,,
1540586813.7812784,3.16827,7.306,,,
1540586813.8867254,3.16827,7.306,,,
1540586813.9865105,3.16827,7.306,,,
1540586814.0795286,3.16776,7.306,,,
1540586814.1831782,3.16776,7.30704,0,0,0
1540586814.2836528,3.16776,7.30704,,,
1540586814.389229,3.1673,7.30704,,,
1540586814.476443,3.1673,7.30806,,,
1540586814.5764432,3.1673,7.30806,,,
1540586814.6745005,3.1673,7.30806,,,
1540586814.778642,3.16684,7.30908,,,
1540586814.875213,3.16684,7.30908,,,
1540586814.9747136,3.16684,7.30908,,,
1540586815.0778215,3.16638,7.30908,,,
1540586815.2609608,3.16638,7.31012,,,
1540586815.4320178,3.11218,10.0843,,,
1540586815.58998,3.11218,10.0843,,,
1540586815.7448096,3.09099,10.0843,,,
1540586815.9044907,3.09099,10.7243,,,
1540586816.0816243,3.08804,10.7243,,,
1540586816.2436144,3.08804,10.7338,,,
1540586816.398227,3.08577,10.7338,,,
1540586816.5546203,3.08577,10.7421,,,
1540586816.7083728,3.0838,10.7421,,,
1540586816.8006644,3.0838,10.7485,0,0,0
1540586816.8986604,3.0838,10.7485,0,0,0
1540586816.9974952,3.0838,10.7485,,,
1540586817.0975688,3.14587,7.51538,,,
1540586817.1999671,3.14587,7.51538,0,0,0
1540586817.3003926,3.14587,7.51538,,,
1540586817.410683,3.15564,7.51538,,,
1540586817.5146952,3.15564,7.33481,,,
1540586817.600693,3.15564,7.33481,,,
1540586817.7040226,3.15564,7.33481,,,
1540586817.8073795,3.15639,7.33301,,,
1540586817.9115021,3.15639,7.33301,,,
1540586817.9976423,3.15639,7.33301,,,
1540586818.1007714,3.15669,7.33249,,,
1540586818.2004158,3.15669,7.33249,0,0,0
1540586818.3016713,3.15669,7.33249,,,
1540586818.4001946,3.15677,7.33249,,,
1540586818.4997957,3.15677,7.33224,,,
1540586818.5994968,3.15677,7.33224,,,
1540586818.7181964,3.15677,7.33224,,,
1540586818.826085,3.15677,7.33249,,,
1540586818.9040725,3.15677,7.33249,,,
1540586819.0002236,3.15677,7.33249,,,
1540586819.126989,3.15662,7.33275,,,
1540586819.2094674,3.15662,7.33275,0,0,0
1540586819.3003728,3.15662,7.33275,,,
1540586819.400341,3.15646,7.33275,,,
1540586819.5014462,3.15646,7.33301,,,
1540586819.6055067,3.15646,7.33301,,,
1540586819.708471,3.15646,7.33301,,,
1540586819.8052099,3.15625,7.33353,,,
1540586819.90294,3.15625,7.33353,,,
1540586820.018141,3.15625,7.33353,,,
1540586820.1063085,3.15594,7.33353,,,
1540586820.2057025,3.15594,7.33429,0,0,0
1540586820.3031929,3.15594,7.33429,,,
1540586820.4185941,3.15572,7.33429,,,
1540586820.5266392,3.15572,7.33481,,,
1540586820.6077993,3.15572,7.33481,,,
1540586820.7039304,3.15572,7.33481,,,
1540586820.8140905,3.15541,7.33533,,,
1540586820.9200766,3.15541,7.33533,,,
1540586821.0052938,3.15541,7.33533,,,
1540586821.1040792,3.15511,7.33533,,,
1540586821.2091992,3.15511,7.33635,0,0,0
1540586821.3093064,3.15511,7.33635,,,
1540586821.405183,3.15472,7.33635,,,
1540586821.5049286,3.15472,7.33687,,,
1540586821.6050825,3.15472,7.33687,,,
1540586821.7069738,3.15472,7.33687,,,
1540586821.8064487,3.15442,7.33765,,,
1540586821.9048257,3.15442,7.33765,,,
1540586822.010047,3.15442,7.33765,,,
1540586822.1189682,3.15405,7.33867,,,
1540586822.2239351,3.15405,7.33867,0,0,0
1540586822.3074791,3.15405,7.33867,,,
1540586822.4066885,3.15367,7.33867,,,
1540586822.5140703,3.15367,7.33919,,,
1540586822.6193044,3.15367,7.33919,,,
1540586822.7075117,3.15367,7.33919,,,
1540586822.8067937,3.15329,7.34021,,,
1540586822.915074,3.15329,7.34021,,,
1540586823.0186522,3.15329,7.34021,,,
1540586823.1085105,3.15291,7.34021,,,
1540586823.2078645,3.15291,7.34151,0,0,0
1540586823.3142805,3.15291,7.34151,,,
1540586823.4193146,3.15253,7.34151,,,
1540586823.5095534,3.15253,7.34227,,,
1540586823.6090133,3.15253,7.34227,,,
1540586823.7024248,3.15253,7.34227,,,
1540586823.8112452,3.15208,7.34331,,,
1540586823.9059198,3.15208,7.34331,,,
1540586824.0002768,3.15208,7.34331,,,
1540586824.13254,3.1517,7.34331,,,
1540586824.209663,3.1517,7.34407,0,0,0
1540586824.310917,3.1517,7.34407,,,
1540586824.4097538,3.1517,7.34407,,,
1540586824.5006561,3.15132,7.34511,,,
1540586824.6215684,3.15132,7.34511,,,
1540586824.704497,3.15132,7.34511,,,
1540586824.805465,3.15086,7.34613,,,
1540586824.9384212,3.15086,7.34613,,,
1540586825.0138686,3.15086,7.34613,,,
1540586825.121526,3.15048,7.34613,,,
1540586825.2089458,3.15048,7.34691,0,0,0
1540586825.322173,3.15048,7.34691,,,
1540586825.4182353,3.15048,7.34691,,,
1540586825.5201564,3.15004,7.34793,,,
1540586825.6136532,3.15004,7.34793,,,
1540586825.714892,3.15004,7.34793,,,
1540586825.814762,3.14966,7.34871,,,
1540586825.9107897,3.14966,7.34871,,,
1540586826.0155036,3.14966,7.34871,,,
1540586826.110308,3.1492,7.34871,,,
1540586826.212749,3.1492,7.34999,0,0,0
1540586826.3291922,3.1492,7.34999,,,
1540586826.4280143,3.14874,7.34999,,,
1540586826.5132093,3.14874,7.35075,,,
1540586826.6148884,3.14874,7.35075,,,
1540586826.723334,3.14874,7.35075,,,
1540586826.8313687,3.1483,7.35205,,,
1540586826.9135277,3.1483,7.35205,,,
1540586827.015158,3.1483,7.35205,,,
1540586827.1238527,3.14784,7.35205,,,
1540586827.2295709,3.14784,7.35333,0,0,0
1540586827.314795,3.14784,7.35333,,,
1540586827.4162505,3.14784,7.35333,,,
1540586827.5246475,3.14746,7.35411,,,
1540586827.6237237,3.14746,7.35411,,,
1540586827.7183084,3.14746,7.35411,,,
1540586827.811842,3.147,7.35513,,,
1540586827.9144301,3.147,7.35513,,,
1540586828.0182765,3.147,7.35513,,,
1540586828.1127841,3.14656,7.35513,,,
1540586828.211884,3.14656,7.35616,0,0,0
1540586828.3198247,3.14656,7.35616,,,
1540586828.4381862,3.1461,7.35616,,,
1540586828.5400062,3.1461,7.35719,,,
1540586828.6179025,3.1461,7.35719,,,
1540586828.7205029,3.1461,7.35719,,,
1540586828.8330066,3.14565,7.35822,,,
1540586828.9366295,3.14565,7.35822,,,
1540586829.017376,3.14565,7.35822,,,
1540586829.1183908,3.14519,7.35822,,,
1540586829.2259443,3.14519,7.35925,0,0,0
1540586829.3251958,3.14519,7.35925,,,
1540586829.4187362,3.14519,7.35925,,,
1540586829.5206556,3.14473,7.36002,,,
1540586829.6204166,3.14473,7.36002,,,
1540586829.7198734,3.14473,7.36002,,,
1540586829.8203216,3.14429,7.36002,,,
1540586829.9190018,3.14429,7.36131,,,
1540586830.0215528,3.14429,7.36131,,,
1540586830.1376758,3.14383,7.36131,,,
1540586830.2384434,3.14383,7.36208,0,0,0
1540586830.3220096,3.14383,7.36208,,,
1540586830.42926,3.14383,7.36208,,,
1540586830.5283294,3.14337,7.36336,,,
1540586830.6314328,3.14337,7.36336,,,
1540586830.7204883,3.14337,7.36336,,,
1540586830.8176558,3.14291,7.36336,,,
1540586830.9319055,3.14291,7.36414,,,
1540586831.029268,3.14291,7.36414,,,
1540586831.1327405,3.14247,7.36414,,,
1540586831.2335348,3.14247,7.36568,0,0,0
1540586831.3266711,3.14247,7.36568,,,
1540586831.4518487,3.14201,7.36568,,,
1540586831.548464,3.14201,7.36671,,,
1540586831.6259334,3.14201,7.36671,,,
1540586831.7272031,3.14201,7.36671,,,
1540586831.8397944,3.14156,7.36774,,,
1540586831.950375,3.14156,7.36774,,,
1540586832.023986,3.14156,7.36774,,,
1540586832.125127,3.1411,7.36774,,,
1540586832.2278683,3.1411,7.36928,0,0,0
1540586832.3401275,3.1411,7.36928,,,
1540586832.4296944,3.1411,7.36928,,,
1540586832.5307426,3.14066,7.37032,,,
1540586832.6369224,3.14066,7.37032,,,
1540586832.7344885,3.14066,7.37032,,,
1540586832.8289807,3.1402,7.37032,,,
1540586832.9251025,3.1402,7.37134,,,
1540586833.0277178,3.1402,7.37134,,,
1540586833.1567936,3.13974,7.37134,,,
1540586833.2322896,3.13974,7.37212,0,0,0
1540586833.3315578,3.13974,7.37212,,,
1540586833.4315298,3.13974,7.37212,,,
1540586833.5437508,3.13928,7.3734,,,
1540586833.6507156,3.13928,7.3734,,,
1540586833.7355928,3.13928,7.3734,,,
1540586833.8315606,3.13884,7.3734,,,
1540586833.9489539,3.13884,7.37416,,,
1540586834.0498977,3.13884,7.37416,,,
1540586834.1312308,3.13838,7.37416,,,
1540586834.22946,3.13838,7.37546,0,0,0
1540586834.3390405,3.13838,7.37546,,,
1540586834.4425073,3.13838,7.37546,,,
1540586834.5351362,3.13792,7.377,,,
1540586834.635661,3.13792,7.377,,,
1540586834.736612,3.13792,7.377,,,
1540586834.8390057,3.13747,7.377,,,
1540586834.9386392,3.13747,7.37776,,,
1540586835.0328267,3.13747,7.37776,,,
1540586835.133419,3.13702,7.37776,,,
1540586835.2518783,3.13702,7.37906,0,0,0
1540586835.3496428,3.13702,7.37906,,,
1540586835.4355688,3.13702,7.37906,,,
1540586835.5318809,3.13657,7.37982,,,
1540586835.6469648,3.13657,7.37982,,,
1540586835.7535074,3.13657,7.37982,,,
1540586835.8363895,3.13611,7.37982,,,
1540586835.9350116,3.13611,7.38112,,,
1540586836.0443244,3.13611,7.38112,,,
1540586836.148498,3.13565,7.38112,,,
1540586836.2388113,3.13565,7.38188,0,0,0
1540586836.3362463,3.13565,7.38188,,,
1540586836.435591,3.13565,7.38188,,,
1540586836.5385437,3.13519,7.38292,,,
1540586836.6365912,3.13519,7.38292,,,
1540586836.7341926,3.13519,7.38292,,,
1540586836.8331683,3.13475,7.38292,,,
1540586836.9548082,3.13475,7.38394,,,
1540586837.0729244,3.13475,7.38394,,,
1540586837.1424086,3.13475,7.38394,0,0,0
1540586837.2351856,3.13429,7.38522,,,
1540586837.3548255,3.13429,7.38522,,,
1540586837.464281,3.13429,7.38522,,,
1540586837.5370164,3.13383,7.386,,,
1540586837.6368656,3.13383,7.386,,,
1540586837.7468524,3.13383,7.386,,,
1540586837.846438,3.13338,7.386,,,
1540586837.9404716,3.13338,7.38728,,,
1540586838.0384145,3.13338,7.38728,,,
1540586838.1408565,3.13338,7.38728,,,
1540586838.2395291,3.13293,7.38806,0,0,0
1540586838.3383632,3.13293,7.38806,,,
1540586838.4370778,3.13293,7.38806,,,
1540586838.5388906,3.13248,7.38934,,,
1540586838.6597342,3.13248,7.38934,,,
1540586838.759779,3.13248,7.38934,,,
1540586838.8409545,3.13202,7.38934,,,
1540586838.9405425,3.13202,7.39037,,,
1540586839.047357,3.13202,7.39037,,,
1540586839.1527338,3.13156,7.39037,,,
1540586839.2468438,3.13156,7.39166,0,0,0
1540586839.3470085,3.13156,7.39166,,,
1540586839.4450078,3.13156,7.39166,,,
1540586839.5715384,3.13112,7.39268,,,
1540586839.6487646,3.13112,7.39268,,,
1540586839.741265,3.13112,7.39268,,,
1540586839.8482337,3.13066,7.39268,,,
1540586839.9529202,3.13066,7.39346,,,
1540586840.0609593,3.13066,7.39346,,,
1540586840.1490898,3.13066,7.39346,0,0,0
1540586840.2450469,3.1302,7.39449,,,
1540586840.3504944,3.1302,7.39449,,,
1540586840.453654,3.1302,7.39449,,,
1540586840.547751,3.12975,7.39552,,,
1540586840.648461,3.12975,7.39552,,,
1540586840.7483823,3.12975,7.39552,,,
1540586840.86907,3.1293,7.39552,,,
1540586840.9670603,3.1293,7.39655,,,
1540586841.0441642,3.1293,7.39655,,,
1540586841.1475172,3.1293,7.39655,,,
1540586841.258436,3.12885,7.39783,0,0,0
1540586841.3612435,3.12885,7.39783,,,
1540586841.4461877,3.12885,7.39783,,,
1540586841.5467753,3.12839,7.39861,,,
1540586841.6480565,3.12839,7.39861,,,
1540586841.750665,3.12839,7.39861,,,
1540586841.8473496,3.12793,7.39861,,,
1540586841.9453726,3.12793,7.39963,,,
1540586842.0791237,3.12793,7.39963,,,
1540586842.1779597,3.12747,7.39963,0,0,0
1540586842.2707424,3.12747,7.40117,,,
1540586842.3522959,3.12747,7.40117,,,
1540586842.4519007,3.12747,7.40117,,,
1540586842.5606215,3.12703,7.40195,,,
1540586842.6597216,3.12703,7.40195,,,
1540586842.7504818,3.12703,7.40195,,,
1540586842.8485978,3.12657,7.40195,,,
1540586842.9502451,3.12657,7.40349,,,
1540586843.0554,3.12657,7.40349,,,
1540586843.150475,3.12657,7.40349,0,0,0
1540586843.2561288,3.12611,7.40477,,,
1540586843.3500504,3.12611,7.40477,,,
1540586843.4728003,3.12611,7.40477,,,
1540586843.5752535,3.12566,7.40555,,,
1540586843.6647608,3.12566,7.40555,,,
1540586843.7554343,3.12566,7.40555,,,
1540586843.879643,3.12521,7.40555,,,
1540586843.9723146,3.12521,7.40657,,,
1540586844.0595682,3.12521,7.40657,,,
1540586844.156056,3.12521,7.40657,0,0,0
1540586844.2570503,3.12476,7.40761,,,
1540586844.3603873,3.12476,7.40761,,,
1540586844.4568872,3.12476,7.40761,,,
1540586844.5568209,3.1243,7.40889,,,
1540586844.6539493,3.1243,7.40889,,,
1540586844.7786212,3.1243,7.40889,,,
1540586844.8861647,3.12384,7.40889,,,
1540586844.9697723,3.12384,7.40967,,,
1540586845.0781555,3.12384,7.40967,,,
1540586845.1724563,3.12384,7.40967,0,0,0
1540586845.276192,3.1234,7.41095,,,
1540586845.3614085,3.1234,7.41095,,,
1540586845.4598646,3.1234,7.41095,,,
1540586845.5567942,3.12294,7.41173,,,
1540586845.674189,3.12294,7.41173,,,
1540586845.7586677,3.12294,7.41173,,,
1540586845.8575015,3.12248,7.41173,,,
1540586845.9573188,3.12248,7.41301,,,
1540586846.060553,3.12248,7.41301,,,
1540586846.1584988,3.12248,7.41301,0,0,0
1540586846.257855,3.12202,7.41403,,,
1540586846.358043,3.12202,7.41403,,,
1540586846.4782736,3.12202,7.41403,,,
1540586846.5789337,3.12158,7.41403,,,
1540586846.663408,3.12158,7.41507,,,
1540586846.7594473,3.12158,7.41507,,,
1540586846.863827,3.12112,7.41507,,,
1540586846.970166,3.12112,7.41609,,,
1540586847.0611258,3.12112,7.41609,,,
1540586847.1617641,3.12112,7.41609,0,0,0
1540586847.2609227,3.12067,7.41713,,,
1540586847.3644176,3.12067,7.41713,,,
1540586847.4612646,3.12067,7.41713,,,
1540586847.5628045,3.12021,7.41713,,,
1540586847.6607852,3.12021,7.41815,,,
1540586847.7836423,3.12021,7.41815,,,
1540586847.8868344,3.11983,7.41815,,,
1540586847.9621644,3.11983,7.41919,,,
1540586848.060302,3.11983,7.41919,,,
1540586848.1768706,3.11983,7.41919,0,0,0
1540586848.2810493,3.11938,7.42021,,,
1540586848.371721,3.11938,7.42021,,,
1540586848.4709086,3.11938,7.42021,,,
1540586848.565516,3.11893,7.42021,,,
1540586848.6777296,3.11893,7.42123,,,
1540586848.77006,3.11893,7.42123,,,
1540586848.8647358,3.11847,7.42123,,,
1540586848.9624107,3.11847,7.42227,,,
1540586849.0651357,3.11847,7.42227,,,
1540586849.1607888,3.11847,7.42227,0,0,0
1540586849.2597787,3.11801,7.42381,,,
1540586849.3901649,3.11801,7.42381,,,
1540586849.4920406,3.11801,7.42381,,,
1540586849.583976,3.11757,7.42381,,,
1540586849.6705627,3.11757,7.42484,,,
1540586849.7683866,3.11757,7.42484,,,
1540586849.873367,3.11711,7.42484,,,
1540586849.9749742,3.11711,7.42613,,,
1540586850.0681005,3.11711,7.42613,,,
1540586850.1677353,3.11711,7.42613,0,0,0
1540586850.2662597,3.11665,7.4269,,,
1540586850.3697207,3.11665,7.4269,,,
1540586850.4706244,3.11665,7.4269,,,
1540586850.570611,3.1162,7.4269,,,
1540586850.669963,3.1162,7.42819,,,
1540586850.7889493,3.1162,7.42819,,,
1540586850.862995,3.1162,7.42819,,,
1540586850.9624436,3.11583,7.42896,,,
1540586851.06245,3.11583,7.42896,,,
1540586851.1783721,3.11583,7.42896,0,0,0
1540586851.283599,3.1153,7.43024,,,
1540586851.3716543,3.1153,7.43024,,,
1540586851.4682152,3.1153,7.43024,,,
1540586851.5736494,3.11491,7.43024,,,
1540586851.6850123,3.11491,7.43102,,,
1540586851.7690063,3.11491,7.43102,,,
1540586851.869911,3.11491,7.43102,,,
1540586851.9750378,3.11438,7.4323,,,
1540586852.082348,3.11438,7.4323,,,
1540586852.169239,3.11438,7.4323,0,0,0
1540586852.299161,3.114,7.43307,,,
1540586852.37774,3.114,7.43307,,,
1540586852.474006,3.114,7.43307,,,
1540586852.5653422,3.11356,7.43307,,,
1540586852.6704156,3.11356,7.4341,,,
1540586852.769545,3.11356,7.4341,,,
1540586852.8701508,3.11356,7.4341,,,
1540586852.9660926,3.1131,7.43488,,,
1540586853.067577,3.1131,7.43488,,,
1540586853.1719975,3.1131,7.43488,0,0,0
1540586853.287498,3.11264,7.43616,,,
1540586853.3929698,3.11264,7.43616,,,
1540586853.47078,3.11264,7.43616,,,
1540586853.5725489,3.11218,7.43616,,,
1540586853.6756473,3.11218,7.4377,,,
1540586853.7998984,3.11218,7.4377,,,
1540586853.8768423,3.11218,7.4377,,,
1540586853.972545,3.11174,7.43848,,,
1540586854.0720782,3.11174,7.43848,,,
1540586854.1753438,3.11174,7.43848,0,0,0
1540586854.2703056,3.11128,7.43976,,,
1540586854.3753445,3.11128,7.43976,,,
1540586854.4722388,3.11128,7.43976,,,
1540586854.5951545,3.11082,7.43976,,,
1540586854.6930532,3.11082,7.4408,,,
1540586854.7752812,3.11082,7.4408,,,
1540586854.8732765,3.11082,7.4408,,,
1540586854.98156,3.11037,7.44182,,,
1540586855.0837598,3.11037,7.44182,,,
1540586855.174494,3.11037,7.44182,0,0,0
1540586855.2757552,3.11,7.44284,,,
1540586855.371394,3.11,7.44284,,,
1540586855.473313,3.11,7.44284,,,
1540586855.5732682,3.10954,7.44284,,,
1540586855.6756322,3.10954,7.44388,,,
1540586855.7730703,3.10954,7.44388,,,
1540586855.8897204,3.10954,7.44388,,,
1540586855.9945862,3.10909,7.4449,,,
1540586856.0769155,3.10909,7.4449,,,
1540586856.174421,3.10909,7.4449,0,0,0
1540586856.2857592,3.10863,7.44594,,,
1540586856.388319,3.10863,7.44594,,,
1540586856.4770634,3.10863,7.44594,,,
1540586856.5754898,3.10817,7.44594,,,
1540586856.6812458,3.10817,7.44722,,,
1540586856.7868326,3.10817,7.44722,,,
1540586856.880738,3.10817,7.44722,,,
1540586856.981837,3.10773,7.44824,,,
1540586857.0821478,3.10773,7.44824,,,
1540586857.1923363,3.10773,7.44824,0,0,0
1540586857.2826712,3.10735,7.44824,,,
1540586857.3804424,3.10735,7.44928,,,
1540586857.4824471,3.10735,7.44928,,,
1540586857.5906672,3.10689,7.44928,,,
1540586857.67961,3.10689,7.4503,,,
1540586857.774952,3.10689,7.4503,,,
1540586857.8813388,3.10689,7.4503,,,
1540586857.9913776,3.10643,7.45134,,,
1540586858.078475,3.10643,7.45134,,,
1540586858.1760035,3.10643,7.45134,0,0,0
1540586858.2817285,3.10599,7.45134,,,
1540586858.3907104,3.10599,7.45236,,,
1540586858.4765298,3.10599,7.45236,,,
1540586858.575601,3.10553,7.45236,,,
1540586858.6797273,3.10553,7.45314,,,
1540586858.7925313,3.10553,7.45314,,,
1540586858.9134943,3.10507,7.45314,,,
1540586858.9836419,3.10507,7.45468,,,
1540586859.0841615,3.10507,7.45468,,,
1540586859.2007492,3.10507,7.45468,0,0,0
1540586859.3051014,3.10469,7.45468,,,
1540586859.3783762,3.10469,7.45544,,,
1540586859.4767704,3.10469,7.45544,,,
1540586859.5915759,3.10425,7.45544,,,
1540586859.7013578,3.10425,7.45648,,,
1540586859.7790334,3.10425,7.45648,,,
1540586859.8829155,3.10425,7.45648,,,
1540586859.9880674,3.10379,7.4575,,,
1540586860.0967836,3.10379,7.4575,,,
1540586860.180801,3.10379,7.4575,0,0,0
1540586860.2808235,3.10333,7.4575,,,
1540586860.3897052,3.10333,7.45854,,,
1540586860.4979522,3.10333,7.45854,,,
1540586860.584861,3.10333,7.45854,,,
1540586860.6819816,3.10295,7.45982,,,
1540586860.7842162,3.10295,7.45982,,,
1540586860.8858593,3.10295,7.45982,,,
1540586860.983736,3.10249,7.46085,,,
1540586861.1006982,3.10249,7.46085,,,
1540586861.1821046,3.10249,7.46085,0,0,0
1540586861.2843983,3.10205,7.46085,,,
1540586861.3841007,3.10205,7.46188,,,
1540586861.481035,3.10205,7.46188,,,
1540586861.5848932,3.10205,7.46188,,,
1540586861.7024772,3.10159,7.46265,,,
1540586861.8068504,3.10159,7.46265,,,
1540586861.8840442,3.10159,7.46265,,,
1540586861.9850104,3.10121,7.46394,,,
1540586862.0928404,3.10121,7.46394,,,
1540586862.1979961,3.10121,7.46394,0,0,0
1540586862.2846398,3.10075,7.46394,,,
1540586862.388557,3.10075,7.46523,,,
1540586862.4922528,3.10075,7.46523,,,
1540586862.5869186,3.10075,7.46523,,,
1540586862.6920016,3.10031,7.466,,,
1540586862.785395,3.10031,7.466,,,
1540586862.8903573,3.10031,7.466,,,
1540586863.000169,3.09985,7.46703,,,
1540586863.1076257,3.09985,7.46703,,,
1540586863.189606,3.09985,7.46703,0,0,0
1540586863.287195,3.0994,7.46703,,,
1540586863.3945053,3.0994,7.46805,,,
1540586863.4947677,3.0994,7.46805,,,
1540586863.589011,3.0994,7.46805,,,
1540586863.6902802,3.09901,7.46909,,,
1540586863.7874815,3.09901,7.46909,,,
1540586863.8907669,3.09901,7.46909,,,
1540586863.992768,3.09856,7.46985,,,
1540586864.0912561,3.09856,7.46985,,,
1540586864.1882398,3.09856,7.46985,0,0,0
1540586864.3066146,3.09811,7.46985,,,
1540586864.4155662,3.09811,7.47115,,,
1540586864.4960709,3.09811,7.47115,,,
1540586864.592426,3.09811,7.47115,,,
1540586864.7044508,3.09766,7.47243,,,
1540586864.8113894,3.09766,7.47243,,,
1540586864.89536,3.09766,7.47243,,,
1540586864.9925265,3.0972,7.47321,,,
1540586865.098286,3.0972,7.47321,,,
1540586865.207904,3.0972,7.47321,0,0,0
1540586865.294948,3.09682,7.47321,,,
1540586865.3932948,3.09682,7.47449,,,
1540586865.4925344,3.09682,7.47449,,,
1540586865.5968733,3.09682,7.47449,,,
1540586865.6925344,3.09637,7.47525,,,
1540586865.7966065,3.09637,7.47525,,,
1540586865.8980467,3.09637,7.47525,,,
1540586866.0150423,3.09592,7.47655,,,
1540586866.1167233,3.09592,7.47655,,,
1540586866.2012427,3.09592,7.47655,0,0,0
1540586866.298966,3.09554,7.47655,,,
1540586866.398882,3.09554,7.47757,,,
1540586866.5070045,3.09554,7.47757,,,
1540586866.5962055,3.09554,7.47757,,,
1540586866.700759,3.09508,7.47835,,,
1540586866.7965052,3.09508,7.47835,,,
1540586866.9002547,3.09508,7.47835,,,
1540586866.996743,3.09464,7.47963,,,
1540586867.0967863,3.09464,7.47963,,,
1540586867.1985805,3.09464,7.47963,0,0,0
1540586867.3222907,3.09425,7.47963,,,
1540586867.4190648,3.09425,7.48041,,,
1540586867.5070813,3.09425,7.48041,,,
1540586867.6036534,3.09425,7.48041,,,
1540586867.7148995,3.0938,7.48143,,,
1540586867.8199658,3.0938,7.48143,,,
1540586867.9006329,3.0938,7.48143,,,
1540586867.9997265,3.09341,7.48247,,,
1540586868.1038525,3.09341,7.48247,,,
1540586868.211247,3.09341,7.48247,0,0,0
1540586868.3027704,3.09296,7.48247,,,
1540586868.4023838,3.09296,7.48375,,,
1540586868.5018854,3.09296,7.48375,,,
1540586868.6117077,3.09296,7.48375,,,
1540586868.7000484,3.09251,7.48503,,,
1540586868.7980988,3.09251,7.48503,,,
1540586868.918996,3.09251,7.48503,,,
1540586869.0054858,3.09206,7.48581,,,
1540586869.0997188,3.09206,7.48581,,,
1540586869.1972542,3.09206,7.48581,0,0,0
1540586869.2967842,3.09167,7.48581,,,
1540586869.416403,3.09167,7.48709,,,
1540586869.5203018,3.09167,7.48709,,,
1540586869.6045668,3.09167,7.48709,,,
1540586869.7018344,3.09122,7.48811,,,
1540586869.8046145,3.09122,7.48811,,,
1540586869.913349,3.09122,7.48811,,,
1540586870.0036647,3.09085,7.48811,,,
1540586870.1023562,3.09085,7.48889,,,
1540586870.200309,3.09085,7.48889,0,0,0
1540586870.3043349,3.09039,7.48889,,,
1540586870.4017386,3.09039,7.49017,,,
1540586870.5022779,3.09039,7.49017,,,
1540586870.6010077,3.09039,7.49017,,,
1540586870.7235157,3.08994,7.49095,,,
1540586870.8250048,3.08994,7.49095,,,
1540586870.9122202,3.08994,7.49095,,,
1540586871.0072098,3.08955,7.49095,,,
1540586871.1194465,3.08955,7.49197,,,
1540586871.2253687,3.08955,7.49197,0,0,0
1540586871.3093123,3.0891,7.49197,,,
1540586871.410279,3.0891,7.49275,,,
1540586871.5106003,3.0891,7.49275,,,
1540586871.6197844,3.0891,7.49275,,,
1540586871.7073627,3.08873,7.49403,,,
1540586871.8065195,3.08873,7.49403,,,
1540586871.9065008,3.08873,7.49403,,,
1540586872.0081444,3.08827,7.49403,,,
1540586872.106354,3.08827,7.49557,,,
1540586872.2050383,3.08827,7.49557,0,0,0
1540586872.3046033,3.08781,7.49557,,,
1540586872.4243999,3.08781,7.49661,,,
1540586872.526286,3.08781,7.49661,,,
1540586872.612098,3.08781,7.49661,,,
1540586872.7103229,3.08743,7.49738,,,
1540586872.8189628,3.08743,7.49738,,,
1540586872.921163,3.08743,7.49738,,,
1540586873.010465,3.08699,7.49738,,,
1540586873.1100404,3.08699,7.49841,,,
1540586873.2058756,3.08699,7.49841,0,0,0
1540586873.3092072,3.08661,7.49841,,,
1540586873.409207,3.08661,7.49918,,,
1540586873.5099905,3.08661,7.49918,,,
1540586873.6072547,3.08661,7.49918,,,
1540586873.7231743,3.08615,7.50047,,,
1540586873.8317187,3.08615,7.50047,,,
1540586873.9166489,3.08615,7.50047,,,
1540586874.0098968,3.08569,7.50047,,,
1540586874.1201556,3.08569,7.50098,,,
1540586874.2130175,3.08569,7.50098,0,0,0
1540586874.309958,3.08569,7.50098,,,
1540586874.4084704,3.08531,7.50227,,,
1540586874.5215893,3.08531,7.50227,,,
1540586874.6236613,3.08531,7.50227,,,
1540586874.716139,3.08487,7.50304,,,
1540586874.81128,3.08487,7.50304,,,
1540586874.911592,3.08487,7.50304,,,
1540586875.0135393,3.08449,7.50304,,,
1540586875.1130977,3.08449,7.50432,,,
1540586875.2150218,3.08449,7.50432,0,0,0
1540586875.3120222,3.08449,7.50432,,,
1540586875.4342,3.08403,7.50536,,,
1540586875.5384605,3.08403,7.50536,,,
1540586875.6219776,3.08403,7.50536,,,
1540586875.716698,3.08357,7.50638,,,
1540586875.823591,3.08357,7.50638,,,
1540586875.9290926,3.08357,7.50638,,,
1540586876.0189166,3.08319,7.50638,,,
1540586876.117663,3.08319,7.50768,,,
1540586876.2218554,3.08319,7.50768,0,0,0
1540586876.3269453,3.08275,7.50768,,,
1540586876.4213302,3.08275,7.5087,,,
1540586876.5135443,3.08275,7.5087,,,
1540586876.6193643,3.08275,7.5087,,,
1540586876.7169604,3.08237,7.50948,,,
1540586876.8541152,3.08237,7.50948,,,
1540586876.9230988,3.08237,7.50948,,,
1540586877.0200157,3.08191,7.50948,,,
1540586877.1408415,3.08191,7.5105,,,
1540586877.2411919,3.08191,7.5105,0,0,0
1540586877.321502,3.08191,7.5105,,,
1540586877.4173605,3.08153,7.51128,,,
1540586877.5260918,3.08153,7.51128,,,
1540586877.6342835,3.08153,7.51128,,,
1540586877.7225313,3.08109,7.51256,,,
1540586877.8156419,3.08109,7.51256,,,
1540586877.9170475,3.08109,7.51256,,,
1540586878.0220165,3.0807,7.51256,,,
1540586878.121472,3.0807,7.51384,,,
1540586878.2188234,3.0807,7.51384,0,0,0
1540586878.3496673,3.08025,7.51384,,,
1540586878.44527,3.08025,7.51436,,,
1540586878.5472748,3.08025,7.51436,,,
1540586878.6300445,3.08025,7.51436,,,
1540586878.7273457,3.07986,7.51564,,,
1540586878.835524,3.07986,7.51564,,,
1540586878.940242,3.07986,7.51564,,,
1540586879.0305474,3.07948,7.51564,,,
1540586879.122495,3.07948,7.51642,,,
1540586879.2262578,3.07948,7.51642,0,0,0
1540586879.337661,3.07904,7.51642,,,
1540586879.4252477,3.07904,7.5177,,,
1540586879.525175,3.07904,7.5177,,,
1540586879.6231983,3.07904,7.5177,,,
1540586879.7242782,3.07858,7.51872,,,
1540586879.8268106,3.07858,7.51872,,,
1540586879.9261377,3.07858,7.51872,,,
1540586880.027363,3.0782,7.51872,,,
1540586880.1466577,3.0782,7.5195,,,
1540586880.2506952,3.0782,7.5195,0,0,0
1540586880.329323,3.0782,7.5195,,,
1540586880.426871,3.07774,7.52078,,,
1540586880.5387964,3.07774,7.52078,,,
1540586880.644902,3.07774,7.52078,,,
1540586880.7313223,3.07738,7.52182,,,
1540586880.8269455,3.07738,7.52182,,,
1540586880.929306,3.07738,7.52182,,,
1540586881.0305486,3.07692,7.52182,,,
1540586881.129718,3.07692,7.52258,,,
1540586881.2294276,3.07692,7.52258,0,0,0
1540586881.3293064,3.07692,7.52258,,,
1540586881.4458444,3.07654,7.52388,,,
1540586881.5580022,3.07654,7.52388,,,
1540586881.626964,3.07654,7.52388,,,
1540586881.7248812,3.07616,7.52388,,,
1540586881.8406715,3.07616,7.52438,,,
1540586881.9520817,3.07616,7.52438,,,
1540586882.0318677,3.0757,7.52438,,,
1540586882.133975,3.0757,7.52568,,,
1540586882.2360528,3.0757,7.52568,0,0,0
1540586882.3418818,3.0757,7.52568,,,
1540586882.4270282,3.07533,7.52644,,,
1540586882.5254312,3.07533,7.52644,,,
1540586882.6318765,3.07533,7.52644,,,
1540586882.7420087,3.07487,7.52644,,,
1540586882.8353655,3.07487,7.52748,,,
1540586882.9276657,3.07487,7.52748,,,
1540586883.0306685,3.07449,7.52748,,,
1540586883.1401398,3.07449,7.52876,,,
1540586883.2347443,3.07449,7.52876,0,0,0
1540586883.358872,3.07449,7.52876,,,
1540586883.4342918,3.07404,7.53004,,,
1540586883.5325167,3.07404,7.53004,,,
1540586883.628951,3.07404,7.53004,,,
1540586883.7323227,3.07365,7.53004,,,
1540586883.8287826,3.07365,7.53082,,,
1540586883.9330838,3.07365,7.53082,,,
1540586884.0299432,3.07321,7.53082,,,
1540586884.1298027,3.07321,7.53185,,,
1540586884.23112,3.07321,7.53185,0,0,0
1540586884.3481834,3.07321,7.53185,,,
1540586884.4524937,3.07283,7.53262,,,
1540586884.5345578,3.07283,7.53262,,,
1540586884.6305141,3.07283,7.53262,,,
1540586884.7422724,3.07245,7.53365,,,
1540586884.8464746,3.07245,7.53365,,,
1540586884.935186,3.07245,7.53365,,,
1540586885.0332594,3.07199,7.53365,,,
1540586885.131626,3.07199,7.53468,,,
1540586885.2342193,3.07199,7.53468,0,0,0
1540586885.3317566,3.07199,7.53468,,,
1540586885.4372895,3.07162,7.53571,,,
1540586885.5400789,3.07162,7.53571,,,
1540586885.6580863,3.07162,7.53571,,,
1540586885.7579947,3.07117,7.53571,,,
1540586885.8365018,3.07117,7.53699,,,
1540586885.9304805,3.07117,7.53699,,,
1540586886.0424657,3.07079,7.53699,,,
1540586886.15022,3.07079,7.53777,,,
1540586886.2389612,3.07079,7.53777,0,0,0
1540586886.336297,3.07079,7.53777,,,
1540586886.439605,3.0704,7.53879,,,
1540586886.5389853,3.0704,7.53879,,,
1540586886.6440191,3.0704,7.53879,,,
1540586886.7339735,3.06995,7.53879,,,
1540586886.836832,3.06995,7.53957,,,
1540586886.9567552,3.06995,7.53957,,,
1540586887.0650935,3.06958,7.53957,,,
1540586887.1400342,3.06958,7.54059,0,0,0
1540586887.234242,3.06958,7.54059,,,
1540586887.3551028,3.06958,7.54059,,,
1540586887.4638045,3.06912,7.54189,,,
1540586887.5478716,3.06912,7.54189,,,
1540586887.6379807,3.06912,7.54189,,,
1540586887.7519987,3.06874,7.54189,,,
1540586887.8599887,3.06874,7.54317,,,
1540586887.9385772,3.06874,7.54317,,,
1540586888.0382576,3.06874,7.54317,,,
1540586888.1467104,3.06836,7.54393,,,
1540586888.2518568,3.06836,7.54393,0,0,0
1540586888.341022,3.06836,7.54393,,,
1540586888.4435394,3.0679,7.54497,,,
1540586888.5387902,3.0679,7.54497,,,
1540586888.6412663,3.0679,7.54497,,,
1540586888.7479312,3.06754,7.54497,,,
1540586888.8474822,3.06754,7.54599,,,
1540586888.9419622,3.06754,7.54599,,,
1540586889.0838487,3.06715,7.54599,,,
1540586889.1753733,3.06715,7.54677,0,0,0
1540586889.2466567,3.06715,7.54677,,,
1540586889.3433497,3.06715,7.54677,,,
1540586889.4561086,3.0667,7.54779,,,
1540586889.5586104,3.0667,7.54779,,,
1540586889.644592,3.0667,7.54779,,,
1540586889.7388673,3.06631,7.54779,,,
1540586889.8486466,3.06631,7.54857,,,
1540586889.9544241,3.06631,7.54857,,,
1540586890.045761,3.06631,7.54857,,,
1540586890.13989,3.06587,7.54985,,,
1540586890.23787,3.06587,7.54985,0,0,0
1540586890.3444712,3.06587,7.54985,,,
1540586890.4412265,3.06549,7.55089,,,
1540586890.5411594,3.06549,7.55089,,,
1540586890.642791,3.06549,7.55089,,,
1540586890.7426796,3.06503,7.55089,,,
1540586890.8422422,3.06503,7.55165,,,
1540586890.9430995,3.06503,7.55165,,,
1540586891.03997,3.06503,7.55165,,,
1540586891.1577559,3.06465,7.55295,,,
1540586891.2613382,3.06465,7.55295,0,0,0
1540586891.353121,3.06465,7.55295,,,
1540586891.4464924,3.06427,7.55397,,,
1540586891.5524693,3.06427,7.55397,,,
1540586891.6631374,3.06427,7.55397,,,
1540586891.7514322,3.06383,7.55397,,,
1540586891.8498235,3.06383,7.55475,,,
1540586891.9467683,3.06383,7.55475,,,
1540586892.0513036,3.06383,7.55475,,,
1540586892.1462154,3.06345,7.55603,,,
1540586892.2483249,3.06345,7.55603,0,0,0
1540586892.345834,3.06345,7.55603,,,
1540586892.4661474,3.06306,7.55705,,,
1540586892.5703855,3.06306,7.55705,,,
1540586892.6554275,3.06306,7.55705,,,
1540586892.7485118,3.06268,7.55705,,,
1540586892.8568604,3.06268,7.55783,,,
1540586892.9635456,3.06268,7.55783,,,
1540586893.0552337,3.06268,7.55783,,,
1540586893.15669,3.06223,7.55885,0,0,0
1540586893.2507496,3.06223,7.55885,,,
1540586893.3550396,3.06223,7.55885,,,
1540586893.4547563,3.06186,7.55885,,,
1540586893.552294,3.06186,7.55963,,,
1540586893.6519358,3.06186,7.55963,,,
1540586893.7760804,3.0614,7.55963,,,
1540586893.87348,3.0614,7.56091,,,
1540586893.9614842,3.0614,7.56091,,,
1540586894.0506828,3.0614,7.56091,,,
1540586894.1714466,3.06102,7.56143,,,
1540586894.2711291,3.06102,7.56143,0,0,0
1540586894.3617952,3.06102,7.56143,,,
1540586894.458918,3.06064,7.56271,,,
1540586894.5625408,3.06064,7.56271,,,
1540586894.6604123,3.06064,7.56271,,,
1540586894.7628021,3.06018,7.56271,,,
1540586894.8625405,3.06018,7.564,,,
1540586894.9617352,3.06018,7.564,,,
1540586895.078218,3.06018,7.564,,,
1540586895.1824577,3.05981,7.56451,0,0,0
1540586895.2662904,3.05981,7.56451,,,
1540586895.3613617,3.05981,7.56451,,,
1540586895.473865,3.05943,7.5658,,,
1540586895.58648,3.05943,7.5658,,,
1540586895.6627963,3.05943,7.5658,,,
1540586895.7609026,3.05898,7.5658,,,
1540586895.866581,3.05898,7.56709,,,
1540586895.976804,3.05898,7.56709,,,
1540586896.066227,3.05898,7.56709,,,
1540586896.162788,3.05859,7.5676,0,0,0
1540586896.2656546,3.05859,7.5676,,,
1540586896.3700192,3.05859,7.5676,,,
1540586896.4676414,3.05821,7.5676,,,
1540586896.5585809,3.05821,7.56889,,,
1540586896.6611118,3.05821,7.56889,,,
1540586896.7648027,3.05777,7.56889,,,
1540586896.8599732,3.05777,7.57018,,,
1540586896.985802,3.05777,7.57018,,,
1540586897.0656564,3.05777,7.57018,,,
1540586897.1618936,3.05739,7.57095,0,0,0
1540586897.2701948,3.05739,7.57095,,,
1540586897.3666463,3.05739,7.57095,,,
1540586897.4731767,3.05693,7.57095,,,
1540586897.5863483,3.05693,7.57198,,,
1540586897.6859617,3.05693,7.57198,,,
1540586897.769938,3.05655,7.57198,,,
1540586897.87204,3.05655,7.57275,,,
1540586897.9727507,3.05655,7.57275,,,
1540586898.0817814,3.05655,7.57275,,,
1540586898.172772,3.05611,7.57378,0,0,0
1540586898.2710838,3.05611,7.57378,,,
1540586898.3659742,3.05611,7.57378,,,
1540586898.4680145,3.05573,7.57378,,,
1540586898.5728307,3.05573,7.57506,,,
1540586898.671268,3.05573,7.57506,,,
1540586898.768376,3.05534,7.57506,,,
1540586898.8870747,3.05534,7.57584,,,
1540586898.9881668,3.05534,7.57584,,,
1540586899.073806,3.05534,7.57584,,,
1540586899.1643438,3.05489,7.57686,0,0,0
1540586899.2813106,3.05489,7.57686,,,
1540586899.3831787,3.05489,7.57686,,,
1540586899.4709516,3.0545,7.57686,,,
1540586899.5650198,3.0545,7.57816,,,
1540586899.6740396,3.0545,7.57816,,,
1540586899.78129,3.05414,7.57816,,,
1540586899.8709502,3.05414,7.57892,,,
1540586899.9661205,3.05414,7.57892,,,
1540586900.0667133,3.05414,7.57892,,,
1540586900.1709404,3.05368,7.57996,0,0,0
1540586900.2671633,3.05368,7.57996,,,
1540586900.3654177,3.05368,7.57996,,,
1540586900.464808,3.0533,7.57996,,,
1540586900.5910397,3.0533,7.58124,,,
1540586900.6927094,3.0533,7.58124,,,
1540586900.7768295,3.05284,7.58124,,,
1540586900.8673205,3.05284,7.582,,,
1540586900.9798553,3.05284,7.582,,,
1540586901.0864604,3.05284,7.582,,,
1540586901.1747458,3.05246,7.58304,0,0,0
1540586901.288738,3.05246,7.58304,,,
1540586901.3816023,3.05246,7.58304,,,
1540586901.477243,3.05209,7.58304,,,
1540586901.5709245,3.05209,7.58406,,,
1540586901.6714013,3.05209,7.58406,,,
1540586901.7710109,3.05209,7.58406,,,
1540586901.8750098,3.05164,7.58484,,,
1540586901.9700131,3.05164,7.58484,,,
1540586902.080851,3.05164,7.58484,,,
1540586902.1700213,3.05125,7.58586,0,0,0
1540586902.2911105,3.05125,7.58586,,,
1540586902.390447,3.05125,7.58586,,,
1540586902.482681,3.05087,7.58586,,,
1540586902.574439,3.05087,7.58664,,,
1540586902.6761649,3.05087,7.58664,,,
1540586902.786276,3.05043,7.58664,,,
1540586902.8833058,3.05043,7.58792,,,
1540586902.9742818,3.05043,7.58792,,,
1540586903.0733762,3.05043,7.58792,,,
1540586903.173141,3.05005,7.5892,0,0,0
1540586903.274051,3.05005,7.5892,,,
1540586903.375681,3.05005,7.5892,,,
1540586903.4734929,3.04959,7.5892,,,
1540586903.584723,3.04959,7.58998,,,
1540586903.6980808,3.04959,7.58998,,,
1540586903.7767582,3.04959,7.58998,,,
1540586903.873787,3.04921,7.591,,,
1540586903.9834156,3.04921,7.591,,,
1540586904.091075,3.04921,7.591,,,
1540586904.1819282,3.04875,7.59256,0,0,0
1540586904.2766342,3.04875,7.59256,,,
1540586904.37489,3.04875,7.59256,,,
1540586904.4810514,3.04839,7.59256,,,
1540586904.5803273,3.04839,7.59332,,,
1540586904.6771336,3.04839,7.59332,,,
1540586904.7759833,3.04839,7.59332,,,
1540586904.9011116,3.04793,7.59436,,,
1540586905.0109818,3.04793,7.59436,,,
1540586905.0831504,3.04793,7.59436,,,
1540586905.1771262,3.04755,7.59512,0,0,0
1540586905.291852,3.04755,7.59512,,,
1540586905.4061372,3.04755,7.59512,,,
1540586905.4835005,3.04716,7.59512,,,
1540586905.5769799,3.04716,7.5959,,,
1540586905.6901886,3.04716,7.5959,,,
1540586905.806382,3.04716,7.5959,,,
1540586905.8905714,3.04671,7.59718,,,
1540586905.9801223,3.04671,7.59718,,,
1540586906.0780635,3.04671,7.59718,,,
1540586906.1849,3.04634,7.59796,0,0,0
1540586906.2796857,3.04634,7.59796,,,
1540586906.3856022,3.04634,7.59796,,,
1540586906.4777813,3.04588,7.59796,,,
1540586906.5957236,3.04588,7.59924,,,
1540586906.708742,3.04588,7.59924,,,
1540586906.7856414,3.04588,7.59924,,,
1540586906.8796198,3.0455,7.60052,,,
1540586906.994762,3.0455,7.60052,,,
1540586907.1057794,3.0455,7.60052,,,
1540586907.1890383,3.04504,7.60052,0,0,0
1540586907.2802372,3.04504,7.6013,,,
1540586907.3919544,3.04504,7.6013,,,
1540586907.501626,3.04468,7.6013,,,
1540586907.5840874,3.04468,7.60233,,,
1540586907.6871076,3.04468,7.60233,,,
1540586907.788534,3.04468,7.60233,,,
1540586907.8908458,3.04422,7.60387,,,
1540586908.0123947,3.04422,7.60387,,,
1540586908.0866401,3.04422,7.60387,,,
1540586908.1834326,3.04384,7.60387,0,0,0
1540586908.2857141,3.04384,7.60464,,,
1540586908.4156418,3.04384,7.60464,,,
1540586908.4828374,3.04338,7.60464,,,
1540586908.5814724,3.04338,7.60567,,,
1540586908.6973355,3.04338,7.60567,,,
1540586908.8087862,3.04338,7.60567,,,
1540586908.8891864,3.043,7.60645,,,
1540586908.9819872,3.043,7.60645,,,
1540586909.0934777,3.043,7.60645,,,
1540586909.2010958,3.04256,7.60645,0,0,0
1540586909.2855756,3.04256,7.60747,,,
1540586909.3838477,3.04256,7.60747,,,
1540586909.4859734,3.04218,7.60747,,,
1540586909.5932887,3.04218,7.60876,,,
1540586909.6844475,3.04218,7.60876,,,
1540586909.78333,3.04218,7.60876,,,
1540586909.883327,3.04172,7.60979,,,
1540586909.9905016,3.04172,7.60979,,,
1540586910.090692,3.04172,7.60979,,,
1540586910.1854668,3.04134,7.60979,0,0,0
1540586910.2905996,3.04134,7.61081,,,
1540586910.4059372,3.04134,7.61081,,,
1540586910.5085785,3.04088,7.61081,,,
1540586910.6047945,3.04088,7.61159,,,
1540586910.6957357,3.04088,7.61159,,,
1540586910.7987497,3.04088,7.61159,,,
1540586910.907385,3.04051,7.61237,,,
1540586910.988083,3.04051,7.61237,,,
1540586911.0864651,3.04051,7.61237,,,
1540586911.1942656,3.04005,7.61237,0,0,0
1540586911.2956305,3.04005,7.61391,,,
1540586911.3958902,3.04005,7.61391,,,
1540586911.489737,3.0396,7.61391,,,
1540586911.5904806,3.0396,7.61519,,,
1540586911.710909,3.0396,7.61519,,,
1540586911.8224692,3.0396,7.61519,,,
1540586911.8978932,3.03922,7.61597,,,
1540586911.990699,3.03922,7.61597,,,
1540586912.1007254,3.03922,7.61597,,,
1540586912.2071278,3.03877,7.61597,0,0,0
1540586912.3155835,3.03877,7.61725,,,
1540586912.418241,3.03877,7.61725,,,
1540586912.4980736,3.03839,7.61725,,,
1540586912.59805,3.03839,7.61801,,,
1540586912.6965013,3.03839,7.61801,,,
1540586912.794602,3.03839,7.61801,,,
1540586912.8967123,3.03793,7.61905,,,
1540586913.0142725,3.03793,7.61905,,,
1540586913.1203754,3.03793,7.61905,,,
1540586913.1945927,3.03748,7.61905,0,0,0
1540586913.2923467,3.03748,7.62033,,,
1540586913.4033012,3.03748,7.62033,,,
1540586913.51507,3.03709,7.62033,,,
1540586913.5924802,3.03709,7.62137,,,
1540586913.6905434,3.03709,7.62137,,,
1540586913.7990167,3.03709,7.62137,,,
1540586913.9068441,3.03665,7.62239,,,
1540586913.995049,3.03665,7.62239,,,
1540586914.094313,3.03665,7.62239,,,
1540586914.1934094,3.03619,7.62239,0,0,0
1540586914.3016737,3.03619,7.62317,,,
1540586914.3955784,3.03619,7.62317,,,
1540586914.4955544,3.03619,7.62317,,,
1540586914.5972188,3.03581,7.62497,,,
1540586914.7132192,3.03581,7.62497,,,
1540586914.826196,3.03581,7.62497,,,
1540586914.8951256,3.03535,7.62599,,,
1540586914.9973857,3.03535,7.62599,,,
1540586915.1077344,3.03535,7.62599,,,
1540586915.307611,3.02855,8.14764,,,
1540586915.4811676,3.02855,8.14764,,,
1540586915.641172,2.95786,11.2071,,,
1540586915.7966645,2.95786,11.2071,,,
1540586915.9574916,2.95369,11.2223,,,
1540586916.1293938,2.95369,11.2223,,,
1540586916.2869174,2.95103,11.2326,,,
1540586916.4397357,2.95103,11.2326,,,
1540586916.5940545,2.94899,11.2398,,,
1540586916.7886434,2.94899,11.2398,,,
1540586916.8809967,2.95241,11.2398,0,0,0
1540586916.9762897,2.95241,10.7855,0,0,0
1540586917.0741303,2.95241,10.7855,,,
1540586917.1729257,2.95241,10.7855,0,0,0
1540586917.2718146,3.02272,7.65686,,,
1540586917.3684685,3.02272,7.65686,,,
1540586917.4727616,3.02272,7.65686,,,
1540586917.5847988,3.02484,7.65198,,,
1540586917.6869009,3.02484,7.65198,,,
1540586917.7725563,3.02484,7.65198,,,
1540586917.8740678,3.02567,7.65198,,,
1540586917.9800482,3.02567,7.65018,,,
1540586918.0846035,3.02567,7.65018,,,
1540586918.175338,3.02567,7.65018,0,0,0
1540586918.273981,3.02605,7.64914,,,
1540586918.3745365,3.02605,7.64914,,,
1540586918.4748914,3.02605,7.64914,,,
1540586918.57562,3.02612,7.64914,,,
1540586918.6742775,3.02612,7.64914,,,
1540586918.7736313,3.02612,7.64914,,,
1540586918.8740082,3.02612,7.64914,,,
1540586918.974774,3.02612,7.64914,,,
1540586919.0750663,3.02612,7.64914,,,
1540586919.1743832,3.02612,7.64914,0,0,0
1540586919.291041,3.02597,7.6494,,,
1540586919.3895211,3.02597,7.6494,,,
1540586919.4715714,3.02597,7.6494,,,
1540586919.5761151,3.02582,7.6494,,,
1540586919.684417,3.02582,7.64992,,,
1540586919.7840414,3.02582,7.64992,,,
1540586919.8789823,3.02559,7.64992,,,
1540586919.9802437,3.02559,7.65068,,,
1540586920.0876546,3.02559,7.65068,,,
1540586920.1882553,3.02559,7.65068,0,0,0
1540586920.300144,3.0253,7.65094,,,
1540586920.3784251,3.0253,7.65094,,,
1540586920.4760268,3.0253,7.65094,,,
1540586920.593309,3.02499,7.65172,,,
1540586920.6948812,3.02499,7.65172,,,
1540586920.778605,3.02499,7.65172,,,
1540586920.878704,3.02469,7.65172,,,
1540586920.9843855,3.02469,7.65274,,,
1540586921.0833986,3.02469,7.65274,,,
1540586921.180848,3.02469,7.65274,0,0,0
1540586921.2798812,3.02438,7.65378,,,
1540586921.380951,3.02438,7.65378,,,
1540586921.4813282,3.02438,7.65378,,,
1540586921.581909,3.024,7.65378,,,
1540586921.6812296,3.024,7.65428,,,
1540586921.781403,3.024,7.65428,,,
1540586921.8929217,3.02362,7.65428,,,
1540586921.9935598,3.02362,7.65532,,,
1540586922.0805082,3.02362,7.65532,,,
1540586922.1795347,3.02362,7.65532,0,0,0
1540586922.2878103,3.02333,7.65608,,,
1540586922.3938107,3.02333,7.65608,,,
1540586922.481446,3.02333,7.65608,,,
1540586922.5803337,3.02287,7.65608,,,
1540586922.6921525,3.02287,7.65686,,,
1540586922.7942042,3.02287,7.65686,,,
1540586922.8819358,3.02249,7.65686,,,
1540586922.9818697,3.02249,7.65814,,,
1540586923.0853856,3.02249,7.65814,,,
1540586923.1859815,3.02249,7.65814,0,0,0
1540586923.2835379,3.02211,7.65892,,,
1540586923.383482,3.02211,7.65892,,,
1540586923.485727,3.02211,7.65892,,,
1540586923.605994,3.02173,7.65968,,,
1540586923.6746404,3.02173,7.65968,,,
1540586923.782854,3.02173,7.65968,,,
1540586923.8743775,3.02173,7.65968,,,
1540586923.9888625,3.02129,7.66124,,,
1540586924.094635,3.02129,7.66124,,,
1540586924.1783926,3.02129,7.66124,0,0,0
1540586924.282515,3.0209,7.66252,,,
1540586924.381549,3.0209,7.66252,,,
1540586924.484979,3.0209,7.66252,,,
1540586924.5877612,3.02045,7.66252,,,
1540586924.6942205,3.02045,7.66328,,,
1540586924.784358,3.02045,7.66328,,,
1540586924.8864508,3.02007,7.66328,,,
1540586924.9784956,3.02007,7.66458,,,
1540586925.0828884,3.02007,7.66458,,,
1540586925.1752274,3.02007,7.66458,0,0,0
1540586925.308643,3.01962,7.66534,,,
1540586925.389378,3.01962,7.66534,,,
1540586925.4810205,3.01962,7.66534,,,
1540586925.579496,3.01917,7.66534,,,
1540586925.6963277,3.01917,7.66638,,,
1540586925.8059874,3.01917,7.66638,,,
1540586925.881904,3.01917,7.66638,,,
1540586925.9806387,3.01878,7.66766,,,
1540586926.0842695,3.01878,7.66766,,,
1540586926.1923156,3.01878,7.66766,0,0,0
1540586926.28713,3.01833,7.66844,,,
1540586926.3952384,3.01833,7.66844,,,
1540586926.4872682,3.01833,7.66844,,,
1540586926.607761,3.01787,7.66844,,,
1540586926.6862586,3.01787,7.66972,,,
1540586926.7833898,3.01787,7.66972,,,
1540586926.8838863,3.01787,7.66972,,,
1540586927.0023642,3.01743,7.67126,,,
1540586927.1067116,3.01743,7.67126,,,
1540586927.1913788,3.01743,7.67126,0,0,0
1540586927.289841,3.01697,7.67255,,,
1540586927.4055014,3.01697,7.67255,,,
1540586927.5052607,3.01697,7.67255,,,
1540586927.589645,3.01651,7.67255,,,
1540586927.6888337,3.01651,7.67332,,,
1540586927.7913089,3.01651,7.67332,,,
1540586927.8903286,3.01651,7.67332,,,
1540586927.9960136,3.01605,7.67487,,,
1540586928.0899582,3.01605,7.67487,,,
1540586928.1906357,3.01605,7.67487,0,0,0
1540586928.3331654,3.01561,7.67564,,,
1540586928.4167528,3.01561,7.67564,,,
1540586928.4910455,3.01561,7.67564,,,
1540586928.587688,3.01515,7.67564,,,
1540586928.702485,3.01515,7.67693,,,
1540586928.8027604,3.01515,7.67693,,,
1540586928.895381,3.01515,7.67693,,,
1540586928.994682,3.01469,7.67769,,,
1540586929.093874,3.01469,7.67769,,,
1540586929.1951358,3.01469,7.67769,0,0,0
1540586929.2938037,3.01424,7.67899,,,
1540586929.3941162,3.01424,7.67899,,,
1540586929.494684,3.01424,7.67899,,,
1540586929.6125736,3.01379,7.67899,,,
1540586929.7138977,3.01379,7.68053,,,
1540586929.7966197,3.01379,7.68053,,,
1540586929.894637,3.01379,7.68053,,,
1540586930.0046058,3.01334,7.68129,,,
1540586930.1067488,3.01334,7.68129,,,
1540586930.19801,3.01334,7.68129,0,0,0
1540586930.2978594,3.01288,7.68285,,,
1540586930.3984272,3.01288,7.68285,,,
1540586930.5029218,3.01288,7.68285,,,
1540586930.5982277,3.01234,7.68285,,,
1540586930.694834,3.01234,7.68439,,,
1540586930.7936409,3.01234,7.68439,,,
1540586930.91831,3.01234,7.68439,,,
1540586931.0185425,3.0119,7.68515,,,
1540586931.0950694,3.0119,7.68515,,,
1540586931.1947033,3.0119,7.68515,0,0,0
1540586931.3093965,3.01144,7.68645,,,
1540586931.4150984,3.01144,7.68645,,,
1540586931.4957016,3.01144,7.68645,,,
1540586931.5934098,3.01099,7.68645,,,
1540586931.701505,3.01099,7.68773,,,
1540586931.8045475,3.01099,7.68773,,,
1540586931.8961675,3.01099,7.68773,,,
1540586931.994043,3.01045,7.68875,,,
1540586932.0952663,3.01045,7.68875,,,
1540586932.2001808,3.01045,7.68875,0,0,0
1540586932.2944298,3.01001,7.68875,,,
1540586932.3961027,3.01001,7.69005,,,
1540586932.5004802,3.01001,7.69005,,,
1540586932.6442657,3.00955,7.69005,,,
1540586932.7339265,3.00955,7.69081,,,
1540586932.8016143,3.00955,7.69081,,,
1540586932.9054067,3.00955,7.69081,,,
1540586933.0145423,3.00909,7.69235,,,
1540586933.1204655,3.00909,7.69235,,,
1540586933.2053192,3.00909,7.69235,0,0,0
1540586933.298514,3.00856,7.69235,,,
1540586933.412679,3.00856,7.69339,,,
1540586933.5216415,3.00856,7.69339,,,
1540586933.6016545,3.00812,7.69339,,,
1540586933.7014458,3.00812,7.69467,,,
1540586933.803439,3.00812,7.69467,,,
1540586933.9157128,3.00812,7.69467,,,
1540586934.0026667,3.00766,7.69647,,,
1540586934.1012115,3.00766,7.69647,,,
1540586934.1992977,3.00766,7.69647,0,0,0
1540586934.309773,3.00713,7.69647,,,
1540586934.413599,3.00713,7.69751,,,
1540586934.5004,3.00713,7.69751,,,
1540586934.6010754,3.00667,7.69751,,,
1540586934.7231765,3.00667,7.69879,,,
1540586934.840115,3.00667,7.69879,,,
1540586934.9258046,3.00667,7.69879,,,
1540586935.0026174,3.00623,7.70007,,,
1540586935.1187627,3.00623,7.70007,,,
1540586935.22426,3.00623,7.70007,0,0,0
1540586935.3091893,3.00569,7.70007,,,
1540586935.4065773,3.00569,7.70111,,,
1540586935.5092952,3.00569,7.70111,,,
1540586935.6222525,3.00516,7.70111,,,
1540586935.712696,3.00516,7.70213,,,
1540586935.8045564,3.00516,7.70213,,,
1540586935.9124599,3.00516,7.70213,,,
1540586936.0218537,3.0047,7.70316,,,
1540586936.104731,3.0047,7.70316,,,
1540586936.2059135,3.0047,7.70316,0,0,0
1540586936.3096614,3.00426,7.70316,,,
1540586936.433942,3.00426,7.70496,,,
1540586936.508362,3.00426,7.70496,,,
1540586936.6052241,3.00426,7.70496,,,
1540586936.7053735,3.00372,7.70573,,,
1540586936.8081253,3.00372,7.70573,,,
1540586936.9084804,3.00372,7.70573,,,
1540586937.0045848,3.00319,7.70728,,,
1540586937.105622,3.00319,7.70728,,,
1540586937.2232876,3.00319,7.70728,0,0,0
1540586937.3317473,3.00266,7.70728,,,
1540586937.4180503,3.00266,7.70882,,,
1540586937.5132024,3.00266,7.70882,,,
1540586937.631916,3.00221,7.70882,,,
1540586937.7293932,3.00221,7.70985,,,
1540586937.811646,3.00221,7.70985,,,
1540586937.9082866,3.00221,7.70985,,,
1540586938.0158784,3.00175,7.7114,,,
1540586938.1214347,3.00175,7.7114,,,
1540586938.20803,3.00175,7.7114,0,0,0
1540586938.308937,3.00122,7.7114,,,
1540586938.4117036,3.00122,7.71268,,,
1540586938.513133,3.00122,7.71268,,,
1540586938.6100824,3.00122,7.71268,,,
1540586938.7125711,3.00069,7.71371,,,
1540586938.8081334,3.00069,7.71371,,,
1540586938.9279711,3.00069,7.71371,,,
1540586939.034893,3.00017,7.71552,,,
1540586939.1161706,3.00017,7.71552,,,
1540586939.2101097,3.00017,7.71552,0,0,0
1540586939.3218477,2.99971,7.71552,,,
1540586939.4317765,2.99971,7.71628,,,
1540586939.5156002,2.99971,7.71628,,,
1540586939.6098878,2.99971,7.71628,,,
1540586939.7143867,2.99918,7.71782,,,
1540586939.8249557,2.99918,7.71782,,,
1540586939.9120338,2.99918,7.71782,,,
1540586940.0104573,2.99864,7.71936,,,
1540586940.1132748,2.99864,7.71936,,,
1540586940.2259812,2.99864,7.71936,0,0,0
1540586940.3119156,2.99812,7.71936,,,
1540586940.417559,2.99812,7.7204,,,
1540586940.5214505,2.99812,7.7204,,,
1540586940.6177852,2.99812,7.7204,,,
1540586940.7430255,2.99759,7.7222,,,
1540586940.818397,2.99759,7.7222,,,
1540586940.9156027,2.99759,7.7222,,,
1540586941.0162792,2.99713,7.72296,,,
1540586941.1217465,2.99713,7.72296,,,
1540586941.215198,2.99713,7.72296,0,0,0
1540586941.3128138,2.99661,7.72296,,,
1540586941.4312055,2.99661,7.72426,,,
1540586941.535342,2.99661,7.72426,,,
1540586941.6223361,2.99661,7.72426,,,
1540586941.7161963,2.99608,7.72528,,,
1540586941.829084,2.99608,7.72528,,,
1540586941.9134727,2.99608,7.72528,,,
1540586942.0162282,2.99554,7.72528,,,
1540586942.127824,2.99554,7.72708,,,
1540586942.2213187,2.99554,7.72708,0,0,0
1540586942.3282166,2.99501,7.72708,,,
1540586942.4164944,2.99501,7.72812,,,
1540586942.5151632,2.99501,7.72812,,,
1540586942.6214826,2.99501,7.72812,,,
1540586942.7310698,2.99457,7.7294,,,
1540586942.8156595,2.99457,7.7294,,,
1540586942.915579,2.99457,7.7294,,,
1540586943.0203714,2.99403,7.7312,,,
1540586943.1311705,2.99403,7.7312,,,
1540586943.2152596,2.99403,7.7312,0,0,0
1540586943.317154,2.9935,7.7312,,,
1540586943.4247518,2.9935,7.73248,,,
1540586943.5239017,2.9935,7.73248,,,
1540586943.6165009,2.9935,7.73248,,,
1540586943.720853,2.99297,7.73402,,,
1540586943.8191168,2.99297,7.73402,,,
1540586943.920658,2.99297,7.73402,,,
1540586944.0195684,2.99245,7.73402,,,
1540586944.1205757,2.99245,7.73532,,,
1540586944.219361,2.99245,7.73532,0,0,0
1540586944.3422325,2.99191,7.73532,,,
1540586944.4432178,2.99191,7.7366,,,
1540586944.5173428,2.99191,7.7366,,,
1540586944.620226,2.99191,7.7366,,,
1540586944.7357225,2.99138,7.73814,,,
1540586944.8428862,2.99138,7.73814,,,
1540586944.9187205,2.99138,7.73814,,,
1540586945.0200598,2.99086,7.73814,,,
1540586945.1249213,2.99086,7.73917,,,
1540586945.2338727,2.99086,7.73917,0,0,0
1540586945.3189552,2.99086,7.73917,,,
1540586945.4178224,2.99033,7.74072,,,
1540586945.52289,2.99033,7.74072,,,
1540586945.6237571,2.99033,7.74072,,,
1540586945.7185524,2.98979,7.74174,,,
1540586945.828927,2.98979,7.74174,,,
1540586945.9202747,2.98979,7.74174,,,
1540586946.0402486,2.98926,7.74355,,,
1540586946.146425,2.98926,7.74355,,,
1540586946.2209606,2.98926,7.74355,0,0,0
1540586946.3246915,2.98926,7.74355,,,
1540586946.4342043,2.98866,7.74509,,,
1540586946.53897,2.98866,7.74509,,,
1540586946.6230862,2.98866,7.74509,,,
1540586946.7266083,2.98813,7.74637,,,
1540586946.828481,2.98813,7.74637,,,
1540586946.92989,2.98813,7.74637,,,
1540586947.0214677,2.98759,7.74637,,,
1540586947.1233552,2.98759,7.74792,,,
1540586947.2229602,2.98759,7.74792,0,0,0
1540586947.3433812,2.98706,7.74792,,,
1540586947.4491372,2.98706,7.74895,,,
1540586947.5251474,2.98706,7.74895,,,
1540586947.625994,2.98706,7.74895,,,
1540586947.7335782,2.98654,7.75075,,,
1540586947.8408737,2.98654,7.75075,,,
1540586947.9245589,2.98654,7.75075,,,
1540586948.0241642,2.98601,7.75075,,,
1540586948.1318786,2.98601,7.75203,,,
1540586948.2420413,2.98601,7.75203,0,0,0
1540586948.3262095,2.98601,7.75203,,,
1540586948.4232602,2.9854,7.75333,,,
1540586948.5317376,2.9854,7.75333,,,
1540586948.641546,2.9854,7.75333,,,
1540586948.7278647,2.98488,7.75461,,,
1540586948.829398,2.98488,7.75461,,,
1540586948.9297907,2.98488,7.75461,,,
1540586949.0312974,2.98434,7.75461,,,
1540586949.1302357,2.98434,7.75615,,,
1540586949.2292852,2.98434,7.75615,0,0,0
1540586949.3269277,2.98434,7.75615,,,
1540586949.4459817,2.98373,7.75795,,,
1540586949.5523577,2.98373,7.75795,,,
1540586949.63159,2.98373,7.75795,,,
1540586949.731273,2.9832,7.75897,,,
1540586949.8442929,2.9832,7.75897,,,
1540586949.9453595,2.9832,7.75897,,,
1540586950.0306695,2.98268,7.75897,,,
1540586950.1311245,2.98268,7.76053,,,
1540586950.232723,2.98268,7.76053,0,0,0
1540586950.3365922,2.98268,7.76053,,,
1540586950.427197,2.98215,7.76155,,,
1540586950.525543,2.98215,7.76155,,,
1540586950.6267972,2.98215,7.76155,,,
1540586950.7510767,2.98154,7.76335,,,
1540586950.834642,2.98154,7.76335,,,
1540586950.9257832,2.98154,7.76335,,,
1540586951.030784,2.98102,7.76335,,,
1540586951.1494968,2.98102,7.76439,,,
1540586951.2558837,2.98102,7.76439,0,0,0
1540586951.331024,2.98102,7.76439,,,
1540586951.4297142,2.98041,7.76619,,,
1540586951.546476,2.98041,7.76619,,,
1540586951.6518412,2.98041,7.76619,,,
1540586951.74157,2.97987,7.76823,,,
1540586951.8284228,2.97987,7.76823,,,
1540586951.934131,2.97987,7.76823,,,
1540586952.040908,2.97928,7.76823,,,
1540586952.1287115,2.97928,7.76927,,,
1540586952.2295537,2.97928,7.76927,0,0,0
1540586952.3315322,2.97928,7.76927,,,
1540586952.430411,2.97874,7.77107,,,
1540586952.5340743,2.97874,7.77107,,,
1540586952.630283,2.97874,7.77107,,,
1540586952.7393947,2.97813,7.77107,,,
1540586952.850648,2.97813,7.77235,,,
1540586952.9608948,2.97813,7.77235,,,
1540586953.0389512,2.9776,7.77235,,,
1540586953.1353662,2.9776,7.77364,,,
1540586953.2372122,2.9776,7.77364,0,0,0
1540586953.3534527,2.9776,7.77364,,,
1540586953.4382,2.97701,7.77493,,,
1540586953.5343976,2.97701,7.77493,,,
1540586953.637078,2.97701,7.77493,,,
1540586953.7589731,2.97647,7.77673,,,
1540586953.8654792,2.97647,7.77673,,,
1540586953.9420598,2.97647,7.77673,,,
1540586954.0435472,2.97586,7.77673,,,
1540586954.154065,2.97586,7.77853,,,
1540586954.2651103,2.97586,7.77853,0,0,0
1540586954.3423486,2.97586,7.77853,,,
1540586954.4437833,2.97534,7.77982,,,
1540586954.5487099,2.97534,7.77982,,,
1540586954.656646,2.97534,7.77982,,,
1540586954.7390652,2.97473,7.77982,,,
1540586954.8371332,2.97473,7.78136,,,
1540586954.9401784,2.97473,7.78136,,,
1540586955.0473402,2.97412,7.78136,,,
1540586955.1386456,2.97412,7.78264,,,
1540586955.2401521,2.97412,7.78264,0,0,0
1540586955.3385181,2.97412,7.78264,,,
1540586955.4421072,2.97359,7.78444,,,
1540586955.5371473,2.97359,7.78444,,,
1540586955.6386306,2.97359,7.78444,,,
1540586955.740976,2.97299,7.78444,,,
1540586955.8622952,2.97299,7.78574,,,
1540586955.9646869,2.97299,7.78574,,,
1540586956.0479853,2.97238,7.78574,,,
1540586956.1429718,2.97238,7.78728,,,
1540586956.2537014,2.97238,7.78728,0,0,0
1540586956.3604858,2.97238,7.78728,,,
1540586956.452649,2.97185,7.78856,,,
1540586956.5465176,2.97185,7.78856,,,
1540586956.647767,2.97185,7.78856,,,
1540586956.7515514,2.97125,7.78856,,,
1540586956.8450155,2.97125,7.7901,,,
1540586956.9433658,2.97125,7.7901,,,
1540586957.0496786,2.97064,7.7901,,,
1540586957.1710293,2.97064,7.7919,,,
1540586957.269703,2.97064,7.7919,0,0,0
1540586957.349157,2.97064,7.7919,,,
1540586957.44839,2.97011,7.7932,,,
1540586957.5600631,2.97011,7.7932,,,
1540586957.664242,2.97011,7.7932,,,
1540586957.751588,2.96951,7.7932,,,
1540586957.8485386,2.96951,7.795,,,
1540586957.9517097,2.96951,7.795,,,
1540586958.0580013,2.9689,7.795,,,
1540586958.1481028,2.9689,7.79628,0,0,0
1540586958.248144,2.9689,7.79628,,,
1540586958.3504362,2.9689,7.79628,,,
1540586958.451059,2.96837,7.79782,,,
1540586958.5485117,2.96837,7.79782,,,
1540586958.6452734,2.96837,7.79782,,,
1540586958.7558222,2.96777,7.79782,,,
1540586958.86801,2.96777,7.7991,,,
1540586958.971274,2.96777,7.7991,,,
1540586959.0510375,2.96777,7.7991,,,
1540586959.1532931,2.96716,7.8009,,,
1540586959.2909627,2.96716,7.8009,0,0,0
1540586959.364267,2.96716,7.8009,,,
1540586959.453628,2.96655,7.8027,,,
1540586959.5500395,2.96655,7.8027,,,
1540586959.651955,2.96655,7.8027,,,
1540586959.754825,2.96602,7.8027,,,
1540586959.8491387,2.96602,7.804,,,
1540586959.9469628,2.96602,7.804,,,
1540586960.0501804,2.96602,7.804,,,
1540586960.1710422,2.96542,7.8058,,,
1540586960.2761328,2.96542,7.8058,0,0,0
1540586960.3508506,2.96542,7.8058,,,
1540586960.4543273,2.96481,7.80708,,,
1540586960.5649438,2.96481,7.80708,,,
1540586960.6692734,2.96481,7.80708,,,
1540586960.7517557,2.9642,7.80708,,,
1540586960.8512032,2.9642,7.80888,,,
1540586960.955904,2.9642,7.80888,,,
1540586961.0581322,2.96368,7.80888,,,
1540586961.1524916,2.96368,7.80991,0,0,0
1540586961.2510855,2.96368,7.80991,,,
1540586961.3544755,2.96368,7.80991,,,
1540586961.4569967,2.96307,7.81171,,,
1540586961.551344,2.96307,7.81171,,,
1540586961.6517415,2.96307,7.81171,,,
1540586961.753956,2.96246,7.81171,,,
1540586961.8730237,2.96246,7.81351,,,
1540586961.976396,2.96246,7.81351,,,
1540586962.0539706,2.96246,7.81351,,,
1540586962.1546106,2.96187,7.81505,,,
1540586962.2658818,2.96187,7.81505,0,0,0
1540586962.3700275,2.96187,7.81505,,,
1540586962.4573581,2.96126,7.81685,,,
1540586962.553092,2.96126,7.81685,,,
1540586962.6562314,2.96126,7.81685,,,
1540586962.7586737,2.96065,7.81685,,,
1540586962.8675919,2.96065,7.81815,,,
1540586962.9716902,2.96065,7.81815,,,
1540586963.0664673,2.96065,7.81815,,,
1540586963.1820335,2.96005,7.81995,0,0,0
1540586963.2882044,2.96005,7.81995,,,
1540586963.3649952,2.96005,7.81995,,,
1540586963.4605951,2.95944,7.82123,,,
1540586963.5733056,2.95944,7.82123,,,
1540586963.6760526,2.95944,7.82123,,,
1540586963.7588236,2.95883,7.82123,,,
1540586963.858592,2.95883,7.82303,,,
1540586963.9605856,2.95883,7.82303,,,
1540586964.0712469,2.95883,7.82303,,,
1540586964.158448,2.9583,7.82405,0,0,0
1540586964.2590408,2.9583,7.82405,,,
1540586964.3621414,2.9583,7.82405,,,
1540586964.4615576,2.9577,7.82611,,,
1540586964.5586338,2.9577,7.82611,,,
1540586964.658366,2.9577,7.82611,,,
1540586964.7599444,2.95702,7.82611,,,
1540586964.8762171,2.95702,7.82817,,,
1540586964.9855413,2.95702,7.82817,,,
1540586965.0607364,2.95702,7.82817,,,
1540586965.1609342,2.95641,7.82945,0,0,0
1540586965.2721748,2.95641,7.82945,,,
1540586965.3844495,2.95641,7.82945,,,
1540586965.4634247,2.95581,7.83125,,,
1540586965.5617352,2.95581,7.83125,,,
1540586965.6660004,2.95581,7.83125,,,
1540586965.7851834,2.9552,7.83125,,,
1540586965.8904483,2.9552,7.83255,,,
1540586965.9732661,2.9552,7.83255,,,
1540586966.064586,2.9552,7.83255,,,
1540586966.16607,2.95459,7.83435,0,0,0
1540586966.2618148,2.95459,7.83435,,,
1540586966.3619435,2.95459,7.83435,,,
1540586966.463669,2.95399,7.83435,,,
1540586966.5816057,2.95399,7.83563,,,
1540586966.6901348,2.95399,7.83563,,,
1540586966.7656183,2.95338,7.83563,,,
1540586966.8639598,2.95338,7.83743,,,
1540586966.9700673,2.95338,7.83743,,,
1540586967.081522,2.95338,7.83743,,,
1540586967.165566,2.95277,7.83923,0,0,0
1540586967.2652943,2.95277,7.83923,,,
1540586967.3670619,2.95277,7.83923,,,
1540586967.467684,2.95218,7.83923,,,
1540586967.5659263,2.95218,7.84077,,,
1540586967.6649706,2.95218,7.84077,,,
1540586967.766203,2.95157,7.84077,,,
1540586967.8866062,2.95157,7.84207,,,
1540586967.9909887,2.95157,7.84207,,,
1540586968.068087,2.95157,7.84207,,,
1540586968.1660583,2.95096,7.84387,0,0,0
1540586968.273368,2.95096,7.84387,,,
1540586968.3892052,2.95096,7.84387,,,
1540586968.4764318,2.95036,7.84387,,,
1540586968.5690763,2.95036,7.84567,,,
1540586968.6717124,2.95036,7.84567,,,
1540586968.8068173,2.94975,7.84567,,,
1540586968.8790696,2.94975,7.84695,,,
1540586968.9690976,2.94975,7.84695,,,
1540586969.0733807,2.94975,7.84695,,,
1540586969.1911943,2.94907,7.84901,0,0,0
1540586969.2986104,2.94907,7.84901,,,
1540586969.3736825,2.94907,7.84901,,,
1540586969.47306,2.94847,7.84901,,,
1540586969.5859795,2.94847,7.85056,,,
1540586969.6907513,2.94847,7.85056,,,
1540586969.7763855,2.94786,7.85056,,,
1540586969.8707628,2.94786,7.8521,,,
1540586969.98559,2.94786,7.8521,,,
1540586970.088469,2.94786,7.8521,,,
1540586970.1786468,2.94725,7.85338,0,0,0
1540586970.2772818,2.94725,7.85338,,,
1540586970.3825858,2.94725,7.85338,,,
1540586970.4898362,2.94666,7.85338,,,
1540586970.5808747,2.94666,7.85518,,,
1540586970.6753025,2.94666,7.85518,,,
1540586970.7764678,2.94604,7.85518,,,
1540586970.8771296,2.94604,7.85672,,,
1540586970.9803503,2.94604,7.85672,,,
1540586971.0764105,2.94604,7.85672,,,
1540586971.174523,2.94543,7.85828,0,0,0
1540586971.2913606,2.94543,7.85828,,,
1540586971.4049947,2.94543,7.85828,,,
1540586971.4775026,2.94475,7.85828,,,
1540586971.5735154,2.94475,7.86058,,,
1540586971.6898625,2.94475,7.86058,,,
1540586971.8000565,2.94415,7.86058,,,
1540586971.8861332,2.94415,7.86188,,,
1540586971.9784946,2.94415,7.86188,,,
1540586972.085082,2.94415,7.86188,,,
1540586972.195165,2.94354,7.86368,0,0,0
1540586972.2803972,2.94354,7.86368,,,
1540586972.376667,2.94354,7.86368,,,
1540586972.480246,2.94293,7.86368,,,
1540586972.592261,2.94293,7.86522,,,
1540586972.6760201,2.94293,7.86522,,,
1540586972.774719,2.94293,7.86522,,,
1540586972.879062,2.94226,7.86702,,,
1540586972.9802482,2.94226,7.86702,,,
1540586973.103459,2.94226,7.86702,,,
1540586973.1884015,2.94165,7.86882,0,0,0
1540586973.2777777,2.94165,7.86882,,,
1540586973.397037,2.94165,7.86882,,,
1540586973.5046556,2.94096,7.86882,,,
1540586973.5808938,2.94096,7.87036,,,
1540586973.6753867,2.94096,7.87036,,,
1540586973.7887044,2.94037,7.87036,,,
1540586973.8955739,2.94037,7.87242,,,
1540586973.9837484,2.94037,7.87242,,,
1540586974.0791535,2.94037,7.87242,,,
1540586974.1808777,2.93976,7.8737,0,0,0
1540586974.2868261,2.93976,7.8737,,,
1540586974.380148,2.93976,7.8737,,,
1540586974.4790204,2.93915,7.8737,,,
1540586974.5790322,2.93915,7.8755,,,
1540586974.7046037,2.93915,7.8755,,,
1540586974.807226,2.93848,7.8755,,,
1540586974.8822556,2.93848,7.87704,,,
1540586974.9790347,2.93848,7.87704,,,
1540586975.095918,2.93848,7.87704,,,
1540586975.20541,2.93787,7.8791,0,0,0
1540586975.2892609,2.93787,7.8791,,,
1540586975.382282,2.93787,7.8791,,,
1540586975.4889429,2.93718,7.8791,,,
1540586975.5997903,2.93718,7.88039,,,
1540586975.6884623,2.93718,7.88039,,,
1540586975.7840044,2.93718,7.88039,,,
1540586975.887155,2.93658,7.88219,,,
1540586975.9929266,2.93658,7.88219,,,
1540586976.0845156,2.93658,7.88219,,,
1540586976.1823878,2.9359,7.88451,0,0,0
1540586976.2823875,2.9359,7.88451,,,
1540586976.3846357,2.9359,7.88451,,,
1540586976.4859753,2.93529,7.88451,,,
1540586976.5832734,2.93529,7.88579,,,
1540586976.682625,2.93529,7.88579,,,
1540586976.8003874,2.93529,7.88579,,,
1540586976.9095395,2.93469,7.88759,,,
1540586976.9930334,2.93469,7.88759,,,
1540586977.0866323,2.93469,7.88759,,,
1540586977.197165,2.93401,7.88913,0,0,0
1540586977.3115304,2.93401,7.88913,,,
1540586977.3891778,2.93401,7.88913,,,
1540586977.4853752,2.93332,7.88913,,,
1540586977.5896297,2.93332,7.89093,,,
1540586977.703662,2.93332,7.89093,,,
1540586977.7931638,2.93332,7.89093,,,
1540586977.8887718,2.93272,7.89249,,,
1540586977.9915686,2.93272,7.89249,,,
1540586978.0954478,2.93272,7.89249,,,
1540586978.187304,2.93211,7.89249,0,0,0
1540586978.2865846,2.93211,7.89453,,,
1540586978.386119,2.93211,7.89453,,,
1540586978.4903858,2.93143,7.89453,,,
1540586978.585993,2.93143,7.89633,,,
1540586978.6862404,2.93143,7.89633,,,
1540586978.79073,2.93143,7.89633,,,
1540586978.923018,2.93076,7.89789,,,
1540586979.0104358,2.93076,7.89789,,,
1540586979.0998926,2.93076,7.89789,,,
1540586979.193067,2.93015,7.89789,0,0,0
1540586979.3064985,2.93015,7.89969,,,
1540586979.4168336,2.93015,7.89969,,,
1540586979.4936476,2.92946,7.89969,,,
1540586979.5921717,2.92946,7.90123,,,
1540586979.6992905,2.92946,7.90123,,,
1540586979.8002388,2.92946,7.90123,,,
1540586979.8913255,2.92879,7.90329,,,
1540586980.0011308,2.92879,7.90329,,,
1540586980.091653,2.92879,7.90329,,,
1540586980.195069,2.92818,7.90329,0,0,0
1540586980.294453,2.92818,7.90483,,,
1540586980.3941007,2.92818,7.90483,,,
1540586980.490956,2.92749,7.90483,,,
1540586980.6100273,2.92749,7.90689,,,
1540586980.7165492,2.92749,7.90689,,,
1540586980.7964876,2.92749,7.90689,,,
1540586980.899427,2.9269,7.90843,,,
1540586980.9982078,2.9269,7.90843,,,
1540586981.0986722,2.9269,7.90843,,,
1540586981.194091,2.92621,7.90843,0,0,0
1540586981.2931721,2.92621,7.91049,,,
1540586981.39343,2.92621,7.91049,,,
1540586981.4968545,2.92552,7.91049,,,
1540586981.5981953,2.92552,7.91203,,,
1540586981.6956928,2.92552,7.91203,,,
1540586981.7952836,2.92552,7.91203,,,
1540586981.9144828,2.92485,7.91383,,,
1540586982.0230196,2.92485,7.91383,,,
1540586982.1051207,2.92485,7.91383,,,
1540586982.198607,2.92424,7.91383,0,0,0
1540586982.3099754,2.92424,7.91537,,,
1540586982.415899,2.92424,7.91537,,,
1540586982.5289383,2.92357,7.91537,,,
1540586982.607276,2.92357,7.91743,,,
1540586982.696696,2.92357,7.91743,,,
1540586982.8014498,2.92357,7.91743,,,
1540586982.8968,2.92288,7.91949,,,
1540586982.9969277,2.92288,7.91949,,,
1540586983.0989373,2.92288,7.91949,,,
1540586983.2189605,2.9222,7.92078,0,0,0
1540586983.3255112,2.9222,7.92078,,,
1540586983.405565,2.9222,7.92078,,,
1540586983.499938,2.92152,7.92078,,,
1540586983.6085474,2.92152,7.9231,,,
1540586983.7167568,2.92152,7.9231,,,
1540586983.8063762,2.92152,7.9231,,,
1540586983.9019797,2.92091,7.92464,,,
1540586984.0016956,2.92091,7.92464,,,
1540586984.1045558,2.92091,7.92464,,,
1540586984.204795,2.92015,7.92464,0,0,0
1540586984.301942,2.92015,7.92644,,,
1540586984.4029522,2.92015,7.92644,,,
1540586984.5188375,2.91956,7.92644,,,
1540586984.627854,2.91956,7.92798,,,
1540586984.704293,2.91956,7.92798,,,
1540586984.800556,2.91956,7.92798,,,
1540586984.913451,2.91887,7.93004,,,
1540586985.001135,2.91887,7.93004,,,
1540586985.1049526,2.91887,7.93004,,,
1540586985.2059257,2.91818,7.93004,0,0,0
1540586985.3069506,2.91818,7.93236,,,
1540586985.431191,2.91818,7.93236,,,
1540586985.5112615,2.91751,7.93236,,,
1540586985.60182,2.91751,7.93364,,,
1540586985.7038507,2.91751,7.93364,,,
1540586985.8025453,2.91751,7.93364,,,
1540586985.9062765,2.91682,7.93596,,,
1540586986.004935,2.91682,7.93596,,,
1540586986.1056125,2.91682,7.93596,,,
1540586986.2190797,2.91614,7.93596,0,0,0
1540586986.3276992,2.91614,7.9375,,,
1540586986.408277,2.91614,7.9375,,,
1540586986.5053585,2.91614,7.9375,,,
1540586986.6115727,2.91547,7.93956,,,
1540586986.7215488,2.91547,7.93956,,,
1540586986.8054278,2.91547,7.93956,,,
1540586986.9041512,2.91478,7.94084,,,
1540586987.0058095,2.91478,7.94084,,,
1540586987.1096778,2.91478,7.94084,,,
1540586987.2045143,2.91409,7.94084,0,0,0
1540586987.3038936,2.91409,7.94341,,,
1540586987.4075968,2.91409,7.94341,,,
1540586987.5070415,2.91409,7.94341,,,
1540586987.6232142,2.91342,7.94521,,,
1540586987.716379,2.91342,7.94521,,,
1540586987.8140805,2.91342,7.94521,,,
1540586987.9241893,2.91273,7.94701,,,
1540586988.033842,2.91273,7.94701,,,
1540586988.1107996,2.91273,7.94701,,,
1540586988.2105854,2.91199,7.94701,0,0,0
1540586988.3220909,2.91199,7.94881,,,
1540586988.4264395,2.91199,7.94881,,,
1540586988.5135357,2.91199,7.94881,,,
1540586988.6105795,2.9113,7.95061,,,
1540586988.7188416,2.9113,7.95061,,,
1540586988.8260956,2.9113,7.95061,,,
1540586988.9133759,2.91061,7.95241,,,
1540586989.0117872,2.91061,7.95241,,,
1540586989.11138,2.91061,7.95241,,,
1540586989.2133937,2.90994,7.95241,0,0,0
1540586989.3093882,2.90994,7.95421,,,
1540586989.4085066,2.90994,7.95421,,,
1540586989.5119185,2.90994,7.95421,,,
1540586989.6127594,2.90926,7.95653,,,
1540586989.7093954,2.90926,7.95653,,,
1540586989.8225553,2.90926,7.95653,,,
1540586989.9290764,2.90857,7.95807,,,
1540586990.0293612,2.90857,7.95807,,,
1540586990.1321313,2.90857,7.95807,,,
1540586990.2157984,2.9079,7.95807,0,0,0
1540586990.3136158,2.9079,7.96039,,,
1540586990.4158158,2.9079,7.96039,,,
1540586990.5192559,2.9079,7.96039,,,
1540586990.61426,2.90721,7.96193,,,
1540586990.7130108,2.90721,7.96193,,,
1540586990.8135195,2.90721,7.96193,,,
1540586990.9171739,2.90645,7.96193,,,
1540586991.0116475,2.90645,7.96399,,,
1540586991.11163,2.90645,7.96399,,,
1540586991.2155416,2.90578,7.96399,0,0,0
1540586991.3138852,2.90578,7.96553,,,
1540586991.414281,2.90578,7.96553,,,
1540586991.5134447,2.90578,7.96553,,,
1540586991.6167932,2.90509,7.96785,,,
1540586991.733332,2.90509,7.96785,,,
1540586991.8386226,2.90509,7.96785,,,
1540586991.919789,2.90434,7.96785,,,
1540586992.0194802,2.90434,7.97017,,,
1540586992.124961,2.90434,7.97017,,,
1540586992.2217457,2.90366,7.97017,0,0,0
1540586992.3163357,2.90366,7.97171,,,
1540586992.418678,2.90366,7.97171,,,
1540586992.5191164,2.90366,7.97171,,,
1540586992.638527,2.90289,7.97377,,,
1540586992.7453444,2.90289,7.97377,,,
1540586992.822896,2.90289,7.97377,,,
1540586992.919638,2.90222,7.97377,,,
1540586993.032461,2.90222,7.97531,,,
1540586993.1386278,2.90222,7.97531,,,
1540586993.2252543,2.90146,7.97531,0,0,0
1540586993.3209078,2.90146,7.97787,,,
1540586993.4249403,2.90146,7.97787,,,
1540586993.528439,2.90146,7.97787,,,
1540586993.6195214,2.90077,7.97993,,,
1540586993.7222114,2.90077,7.97993,,,
1540586993.8204749,2.90077,7.97993,,,
1540586993.9252353,2.9001,7.97993,,,
1540586994.0253534,2.9001,7.98174,,,
1540586994.1246336,2.9001,7.98174,,,
1540586994.2190962,2.89934,7.98174,0,0,0
1540586994.3369284,2.89934,7.98328,,,
1540586994.448746,2.89934,7.98328,,,
1540586994.5329585,2.89934,7.98328,,,
1540586994.6247194,2.89865,7.9856,,,
1540586994.738803,2.89865,7.9856,,,
1540586994.8467135,2.89865,7.9856,,,
1540586994.9534268,2.8979,7.9856,,,
1540586995.0355153,2.8979,7.9874,,,
1540586995.1300178,2.8979,7.9874,,,
1540586995.234298,2.89722,7.9874,0,0,0
1540586995.3327112,2.89722,7.98946,,,
1540586995.4343266,2.89722,7.98946,,,
1540586995.5326538,2.89722,7.98946,,,
1540586995.6502922,2.89647,7.99178,,,
1540586995.755609,2.89647,7.99178,,,
1540586995.8433015,2.89647,7.99178,,,
1540586995.938652,2.89571,7.99178,,,
1540586996.0496728,2.89571,7.99332,,,
1540586996.1551182,2.89571,7.99332,,,
1540586996.2334921,2.89502,7.99332,0,0,0
1540586996.3394835,2.89502,7.99564,,,
1540586996.4463131,2.89502,7.99564,,,
1540586996.552273,2.89502,7.99564,,,
1540586996.6385264,2.89427,7.99744,,,
1540586996.738717,2.89427,7.99744,,,
1540586996.8419003,2.89427,7.99744,,,
1540586996.9424498,2.89351,7.99744,,,
1540586997.0383909,2.89351,7.99974,,,
1540586997.1433225,2.89351,7.99974,,,
1540586997.2389264,2.89284,7.99974,0,0,0
1540586997.3601944,2.89284,8.00128,,,
1540586997.4626389,2.89284,8.00128,,,
1540586997.5456746,2.89284,8.00128,,,
1540586997.6458738,2.89207,8.00386,,,
1540586997.7500846,2.89207,8.00386,,,
1540586997.854974,2.89207,8.00386,,,
1540586997.9465983,2.89131,8.00386,,,
1540586998.0458956,2.89131,8.00566,,,
1540586998.1456573,2.89131,8.00566,,,
1540586998.2553546,2.89056,8.00566,0,0,0
1540586998.3459003,2.89056,8.00772,,,
1540586998.444066,2.89056,8.00772,,,
1540586998.5455518,2.89056,8.00772,,,
1540586998.6553779,2.8898,8.00978,,,
1540586998.7431946,2.8898,8.00978,,,
1540586998.8429728,2.8898,8.00978,,,
1540586998.9416022,2.88904,8.00978,,,
1540586999.0465689,2.88904,8.01184,,,
1540586999.1425066,2.88904,8.01184,,,
1540586999.2467797,2.88837,8.01184,0,0,0
1540586999.3420837,2.88837,8.01414,,,
1540586999.4610968,2.88837,8.01414,,,
1540586999.565407,2.88837,8.01414,,,
1540586999.6498954,2.8876,8.01595,,,
1540586999.7465813,2.8876,8.01595,,,
1540586999.8554726,2.8876,8.01595,,,
1540586999.961444,2.88686,8.01595,,,
1540587000.0512004,2.88686,8.01826,,,
1540587000.1494348,2.88686,8.01826,,,
1540587000.250021,2.88609,8.01826,0,0,0
1540587000.3606818,2.88609,8.02007,,,
1540587000.4505122,2.88609,8.02007,,,
1540587000.548751,2.88609,8.02007,,,
1540587000.6475782,2.88533,8.02238,,,
1540587000.7491002,2.88533,8.02238,,,
1540587000.8455403,2.88533,8.02238,,,
1540587000.944942,2.88458,8.02238,,,
1540587001.0496182,2.88458,8.02419,,,
1540587001.168445,2.88458,8.02419,,,
1540587001.266735,2.88382,8.02419,0,0,0
1540587001.3480544,2.88382,8.02675,,,
1540587001.4514487,2.88382,8.02675,,,
1540587001.5537083,2.88382,8.02675,,,
1540587001.6613646,2.883,8.02855,,,
1540587001.7495472,2.883,8.02855,,,
1540587001.84696,2.883,8.02855,,,
1540587001.9499524,2.88223,8.02855,,,
1540587002.050896,2.88223,8.03087,,,
1540587002.1483896,2.88223,8.03087,,,
1540587002.2467506,2.88223,8.03087,0,0,0
1540587002.3454573,2.88147,8.03267,,,
1540587002.4709868,2.88147,8.03267,,,
1540587002.5719898,2.88147,8.03267,,,
1540587002.6553004,2.88072,8.03499,,,
1540587002.7511952,2.88072,8.03499,,,
1540587002.8618507,2.88072,8.03499,,,
1540587002.966345,2.87996,8.03499,,,
1540587003.0618117,2.87996,8.03755,,,
1540587003.1560206,2.87996,8.03755,0,0,0
1540587003.2526457,2.87996,8.03755,,,
1540587003.35089,2.87921,8.03935,,,
1540587003.4486291,2.87921,8.03935,,,
1540587003.5513923,2.87921,8.03935,,,
1540587003.6481512,2.87837,8.04193,,,
1540587003.769466,2.87837,8.04193,,,
1540587003.8762748,2.87837,8.04193,,,
1540587003.9529533,2.87761,8.04193,,,
1540587004.0499468,2.87761,8.04373,,,
1540587004.1759014,2.87761,8.04373,,,
1540587004.269818,2.87761,8.04373,0,0,0
1540587004.355038,2.87679,8.04605,,,
1540587004.457043,2.87679,8.04605,,,
1540587004.553415,2.87679,8.04605,,,
1540587004.664634,2.87602,8.04785,,,
1540587004.7570224,2.87602,8.04785,,,
1540587004.8548167,2.87602,8.04785,,,
1540587004.9499846,2.87527,8.04785,,,
1540587005.0554514,2.87527,8.05067,,,
1540587005.1568284,2.87527,8.05067,0,0,0
1540587005.256212,2.87527,8.05067,,,
1540587005.355048,2.87444,8.05299,,,
1540587005.480137,2.87444,8.05299,,,
1540587005.580944,2.87444,8.05299,,,
1540587005.6599555,2.87367,8.05479,,,
1540587005.770605,2.87367,8.05479,,,
1540587005.8664424,2.87367,8.05479,,,
1540587005.9676778,2.87285,8.05479,,,
1540587006.0596886,2.87285,8.05685,,,
1540587006.1567698,2.87285,8.05685,0,0,0
1540587006.2556145,2.87285,8.05685,,,
1540587006.3578172,2.87209,8.05942,,,
1540587006.4548752,2.87209,8.05942,,,
1540587006.557309,2.87209,8.05942,,,
1540587006.654454,2.87126,8.05942,,,
1540587006.773069,2.87126,8.06174,,,
1540587006.8650236,2.87126,8.06174,,,
1540587006.9655855,2.8705,8.06174,,,
1540587007.0648575,2.8705,8.0638,,,
1540587007.1716127,2.8705,8.0638,0,0,0
1540587007.2796307,2.8705,8.0638,,,
1540587007.3597953,2.86967,8.06612,,,
1540587007.4572477,2.86967,8.06612,,,
1540587007.5642564,2.86967,8.06612,,,
1540587007.6720438,2.86884,8.06612,,,
1540587007.761961,2.86884,8.06816,,,
1540587007.8566012,2.86884,8.06816,,,
1540587007.9823592,2.868,8.06816,,,
1540587008.0746326,2.868,8.07074,,,
1540587008.1648386,2.868,8.07074,0,0,0
1540587008.259707,2.868,8.07074,,,
1540587008.3572624,2.86725,8.0728,,,
1540587008.4617646,2.86725,8.0728,,,
1540587008.5583367,2.86725,8.0728,,,
1540587008.661743,2.86641,8.0728,,,
1540587008.7586896,2.86641,8.07562,,,
1540587008.8778462,2.86641,8.07562,,,
1540587008.9841352,2.86559,8.07562,,,
1540587009.0624163,2.86559,8.07742,,,
1540587009.1638901,2.86559,8.07742,0,0,0
1540587009.2764003,2.86559,8.07742,,,
1540587009.3751414,2.86475,8.08,,,
1540587009.4664016,2.86475,8.08,,,
1540587009.5635765,2.86475,8.08,,,
1540587009.668592,2.86392,8.08,,,
1540587009.776942,2.86392,8.0818,,,
1540587009.8694208,2.86392,8.0818,,,
1540587009.9688265,2.86308,8.0818,,,
1540587010.0667915,2.86308,8.08463,,,
1540587010.1697006,2.86308,8.08463,0,0,0
1540587010.2630556,2.86308,8.08463,,,
1540587010.364161,2.86224,8.08694,,,
1540587010.4618876,2.86224,8.08694,,,
1540587010.5773559,2.86224,8.08694,,,
1540587010.6851437,2.86142,8.08694,,,
1540587010.7641466,2.86142,8.08926,,,
1540587010.8908215,2.86142,8.08926,,,
1540587010.972324,2.86058,8.08926,,,
1540587011.0780017,2.86058,8.09183,,,
1540587011.1699553,2.86058,8.09183,0,0,0
1540587011.2643924,2.86058,8.09183,,,
1540587011.3646908,2.85976,8.09415,,,
1540587011.4673703,2.85976,8.09415,,,
1540587011.5656326,2.85976,8.09415,,,
1540587011.6687198,2.85884,8.09415,,,
1540587011.7664227,2.85884,8.09697,,,
1540587011.8859284,2.85884,8.09697,,,
1540587011.9920487,2.85802,8.09697,,,
1540587012.0743985,2.85802,8.09903,,,
1540587012.1643074,2.85802,8.09903,0,0,0
1540587012.2812855,2.85802,8.09903,,,
1540587012.386559,2.85718,8.10161,,,
1540587012.474676,2.85718,8.10161,,,
1540587012.5656967,2.85718,8.10161,,,
1540587012.6727278,2.85634,8.10161,,,
1540587012.771363,2.85634,8.10367,,,
1540587012.8701973,2.85634,8.10367,,,
1540587012.9738662,2.85634,8.10367,,,
1540587013.071016,2.85551,8.10597,,,
1540587013.1700797,2.85551,8.10597,0,0,0
1540587013.2761512,2.85551,8.10597,,,
1540587013.3725607,2.85468,8.10855,,,
1540587013.4667723,2.85468,8.10855,,,
1540587013.5852807,2.85468,8.10855,,,
1540587013.6707633,2.85378,8.10855,,,
1540587013.7929833,2.85378,8.11113,,,
1540587013.8737512,2.85378,8.11113,,,
1540587013.9799888,2.85378,8.11113,,,
1540587014.0830727,2.85294,8.11319,,,
1540587014.1751919,2.85294,8.11319,0,0,0
1540587014.2698343,2.85294,8.11319,,,
1540587014.3741827,2.85211,8.11549,,,
1540587014.4841628,2.85211,8.11549,,,
1540587014.575159,2.85211,8.11549,,,
1540587014.673102,2.85127,8.11549,,,
1540587014.7749143,2.85127,8.11755,,,
1540587014.8759115,2.85127,8.11755,,,
1540587014.9803326,2.85127,8.11755,,,
1540587015.0771112,2.85037,8.12039,,,
1540587015.176546,2.85037,8.12039,0,0,0
1540587015.2951183,2.85037,8.12039,,,
1540587015.3972986,2.84953,8.12321,,,
1540587015.4766343,2.84953,8.12321,,,
1540587015.5729082,2.84953,8.12321,,,
1540587015.6808307,2.84862,8.12321,,,
1540587015.7865915,2.84862,8.12527,,,
1540587015.8949468,2.84862,8.12527,,,
1540587015.9789367,2.84862,8.12527,,,
1540587016.0749333,2.84772,8.12784,,,
1540587016.1762044,2.84772,8.12784,0,0,0
1540587016.2782218,2.84772,8.12784,,,
1540587016.3712912,2.84688,8.13016,,,
1540587016.4735503,2.84688,8.13016,,,
1540587016.6037142,2.84688,8.13016,,,
1540587016.7132044,2.84598,8.13016,,,
1540587016.7974982,2.84598,8.13324,,,
1540587016.875455,2.84598,8.13324,,,
1540587016.9844,2.84598,8.13324,,,
1540587017.0893111,2.84506,8.1353,,,
1540587017.1757371,2.84506,8.1353,0,0,0
1540587017.2765396,2.84506,8.1353,,,
1540587017.378338,2.84424,8.13814,,,
1540587017.4899428,2.84424,8.13814,,,
1540587017.5794117,2.84424,8.13814,,,
1540587017.6767337,2.84332,8.13814,,,
1540587017.775827,2.84332,8.14044,,,
1540587017.8791654,2.84332,8.14044,,,
1540587017.9768634,2.84332,8.14044,,,
1540587018.0766802,2.84242,8.14354,,,
1540587018.1745863,2.84242,8.14354,0,0,0
1540587018.2951012,2.84242,8.14354,,,
1540587018.4015567,2.84151,8.14354,,,
1540587018.492335,2.84151,8.1456,,,
1540587018.5770924,2.84151,8.1456,,,
1540587018.6941328,2.84061,8.1456,,,
1540587018.8012283,2.84061,8.14842,,,
1540587018.8888965,2.84061,8.14842,,,
1540587018.9943748,2.84061,8.14842,,,
1540587019.0863473,2.83969,8.15074,,,
1540587019.193707,2.83969,8.15074,0,0,0
1540587019.2817848,2.83969,8.15074,,,
1540587019.376982,2.83879,8.15074,,,
1540587019.480483,2.83879,8.15356,,,
1540587019.5781171,2.83879,8.15356,,,
1540587019.6840167,2.83788,8.15356,,,
1540587019.7879794,2.83788,8.1564,,,
1540587019.8793037,2.83788,8.1564,,,
1540587019.9956775,2.83788,8.1564,,,
1540587020.1040778,2.83698,8.15871,,,
1540587020.1869562,2.83698,8.15871,0,0,0
1540587020.2798214,2.83698,8.15871,,,
1540587020.3899603,2.83606,8.16154,,,
1540587020.4966104,2.83606,8.16154,,,
1540587020.5842376,2.83606,8.16154,,,
1540587020.681083,2.83514,8.16154,,,
1540587020.7855306,2.83514,8.16385,,,
1540587020.8974679,2.83514,8.16385,,,
1540587020.9817243,2.83514,8.16385,,,
1540587021.082577,2.83424,8.16669,,,
1540587021.1847205,2.83424,8.16669,0,0,0
1540587021.2862236,2.83424,8.16669,,,
1540587021.3811617,2.83333,8.16669,,,
1540587021.483499,2.83333,8.16925,,,
1540587021.5819252,2.83333,8.16925,,,
1540587021.683273,2.83235,8.16925,,,
1540587021.7810585,2.83235,8.17235,,,
1540587021.882696,2.83235,8.17235,,,
1540587021.9816756,2.83235,8.17235,,,
1540587022.1007953,2.83144,8.17465,,,
1540587022.2102916,2.83144,8.17465,0,0,0
1540587022.285424,2.83144,8.17465,,,
1540587022.384525,2.83054,8.17465,,,
1540587022.4950986,2.83054,8.17775,,,
1540587022.6013544,2.83054,8.17775,,,
1540587022.6909928,2.82954,8.17775,,,
1540587022.7877617,2.82954,8.18031,,,
1540587022.890185,2.82954,8.18031,,,
1540587022.9908712,2.82954,8.18031,,,
1540587023.0861478,2.82864,8.18315,,,
1540587023.1880689,2.82864,8.18315,0,0,0
1540587023.2850485,2.82864,8.18315,,,
1540587023.3921819,2.82773,8.18315,,,
1540587023.4892156,2.82773,8.18521,,,
1540587023.594024,2.82773,8.18521,,,
1540587023.6848269,2.82773,8.18521,,,
1540587023.8034039,2.82675,8.18829,,,
1540587023.9122324,2.82675,8.18829,,,
1540587023.9857275,2.82675,8.18829,,,
1540587024.0934017,2.82576,8.19112,,,
1540587024.2056007,2.82576,8.19112,0,0,0
1540587024.3050613,2.82576,8.19112,,,
1540587024.3913062,2.82486,8.19112,,,
1540587024.485904,2.82486,8.19395,,,
1540587024.5936286,2.82486,8.19395,,,
1540587024.7203336,2.82387,8.19395,,,
1540587024.7886333,2.82387,8.19678,,,
1540587024.893962,2.82387,8.19678,,,
1540587024.9884162,2.82387,8.19678,,,
1540587025.088549,2.82297,8.19936,,,
1540587025.1956956,2.82297,8.19936,0,0,0
1540587025.2924013,2.82297,8.19936,,,
1540587025.3959284,2.82198,8.19936,,,
1540587025.5251672,2.82198,8.2027,,,
1540587025.613919,2.82198,8.2027,,,
1540587025.6927679,2.82198,8.2027,,,
1540587025.7938209,2.821,8.20502,,,
1540587025.9021702,2.821,8.20502,,,
1540587026.0030515,2.821,8.20502,,,
1540587026.0963051,2.82001,8.2081,,,
1540587026.1970322,2.82001,8.2081,0,0,0
1540587026.298488,2.82001,8.2081,,,
1540587026.3956702,2.81903,8.2081,,,
1540587026.49415,2.81903,8.21042,,,
1540587026.5955572,2.81903,8.21042,,,
1540587026.696565,2.81903,8.21042,,,
1540587026.8149548,2.81804,8.21376,,,
1540587026.9191613,2.81804,8.21376,,,
1540587027.0029864,2.81804,8.21376,,,
1540587027.0993083,2.81706,8.21658,,,
1540587027.208219,2.81706,8.21658,0,0,0
1540587027.3115156,2.81706,8.21658,,,
1540587027.396413,2.81607,8.21658,,,
1540587027.4959185,2.81607,8.21942,,,
1540587027.6014159,2.81607,8.21942,,,
1540587027.7085848,2.81607,8.21942,,,
1540587027.7997866,2.81509,8.22198,,,
1540587027.896104,2.81509,8.22198,,,
1540587028.0041983,2.81509,8.22198,,,
1540587028.105677,2.8141,8.22533,,,
1540587028.20007,2.8141,8.22533,0,0,0
1540587028.2968805,2.8141,8.22533,,,
1540587028.399307,2.81313,8.22533,,,
1540587028.4961686,2.81313,8.22816,,,
1540587028.6266232,2.81313,8.22816,,,
1540587028.703812,2.81313,8.22816,,,
1540587028.8017695,2.81213,8.23099,,,
1540587028.910652,2.81213,8.23099,,,
1540587029.014509,2.81213,8.23099,,,
1540587029.1047525,2.81116,8.23099,,,
1540587029.2011073,2.81116,8.23383,0,0,0
1540587029.310278,2.81116,8.23383,,,
1540587029.4102964,2.8101,8.23383,,,
1540587029.506685,2.8101,8.23665,,,
1540587029.604068,2.8101,8.23665,,,
1540587029.7045631,2.8101,8.23665,,,
1540587029.806452,2.80911,8.24025,,,
1540587029.9059327,2.80911,8.24025,,,
1540587030.0035555,2.80911,8.24025,,,
1540587030.1039376,2.80814,8.24025,,,
1540587030.2142715,2.80814,8.24257,0,0,0
1540587030.3237631,2.80814,8.24257,,,
1540587030.411236,2.80707,8.24257,,,
1540587030.5171611,2.80707,8.24565,,,
1540587030.618691,2.80707,8.24565,,,
1540587030.7154844,2.80707,8.24565,,,
1540587030.8102148,2.80609,8.24849,,,
1540587030.9036205,2.80609,8.24849,,,
1540587031.0027087,2.80609,8.24849,,,
1540587031.1044095,2.80502,8.24849,,,
1540587031.2041094,2.80502,8.25183,0,0,0
1540587031.3081217,2.80502,8.25183,,,
1540587031.4056714,2.80397,8.25183,,,
1540587031.5234108,2.80397,8.25465,,,
1540587031.6325405,2.80397,8.25465,,,
1540587031.7115521,2.80397,8.25465,,,
1540587031.8111856,2.80298,8.25775,,,
1540587031.9172037,2.80298,8.25775,,,
1540587032.020263,2.80298,8.25775,,,
1540587032.1129825,2.80193,8.25775,,,
1540587032.2090545,2.80193,8.26057,0,0,0
1540587032.3139758,2.80193,8.26057,,,
1540587032.4127674,2.80093,8.26057,,,
1540587032.5078533,2.80093,8.26392,,,
1540587032.6069322,2.80093,8.26392,,,
1540587032.709017,2.80093,8.26392,,,
1540587032.8065174,2.79988,8.267,,,
1540587032.909556,2.79988,8.267,,,
1540587033.0099146,2.79988,8.267,,,
1540587033.1107416,2.79881,8.267,,,
1540587033.2198439,2.79881,8.2701,0,0,0
1540587033.3225942,2.79881,8.2701,,,
1540587033.4105384,2.79776,8.2701,,,
1540587033.5099916,2.79776,8.2737,,,
1540587033.6167588,2.79776,8.2737,,,
1540587033.7221212,2.79776,8.2737,,,
1540587033.8103807,2.79669,8.27626,,,
1540587033.9112096,2.79669,8.27626,,,
1540587034.0179927,2.79669,8.27626,,,
1540587034.1226208,2.79564,8.27626,,,
1540587034.2149584,2.79564,8.2796,0,0,0
1540587034.3130493,2.79564,8.2796,,,
1540587034.4132404,2.79459,8.2796,,,
1540587034.513971,2.79459,8.28244,,,
1540587034.6116464,2.79459,8.28244,,,
1540587034.7122614,2.79459,8.28244,,,
1540587034.8144445,2.79352,8.28604,,,
1540587034.9318476,2.79352,8.28604,,,
1540587035.0385032,2.79352,8.28604,,,
1540587035.1233118,2.79247,8.28604,,,
1540587035.2188773,2.79247,8.28886,0,0,0
1540587035.3222353,2.79247,8.28886,,,
1540587035.4278142,2.7914,8.28886,,,
1540587035.5197482,2.7914,8.29221,,,
1540587035.6155841,2.7914,8.29221,,,
1540587035.71992,2.7914,8.29221,,,
1540587035.8210542,2.79034,8.29504,,,
1540587035.923329,2.79034,8.29504,,,
1540587036.0158908,2.79034,8.29504,,,
1540587036.119447,2.7892,8.29504,,,
1540587036.2130244,2.7892,8.29839,0,0,0
1540587036.338623,2.7892,8.29839,,,
1540587036.4247453,2.78815,8.29839,,,
1540587036.519983,2.78815,8.30199,,,
1540587036.6297092,2.78815,8.30199,,,
1540587036.732226,2.78815,8.30199,,,
1540587036.8230085,2.78708,8.30481,,,
1540587036.9158204,2.78708,8.30481,,,
1540587037.02288,2.78708,8.30481,,,
1540587037.1294286,2.78595,8.30481,,,
1540587037.2158368,2.78595,8.30867,0,0,0
1540587037.3158565,2.78595,8.30867,,,
1540587037.4249833,2.78595,8.30867,,,
1540587037.5255704,2.7849,8.31151,,,
1540587037.6221278,2.7849,8.31151,,,
1540587037.7173343,2.7849,8.31151,,,
1540587037.818249,2.78375,8.31511,,,
1540587037.9169223,2.78375,8.31511,,,
1540587038.0192566,2.78375,8.31511,,,
1540587038.1231856,2.78262,8.31511,,,
1540587038.2187707,2.78262,8.31793,0,0,0
1540587038.3305943,2.78262,8.31793,,,
1540587038.443694,2.78156,8.31793,,,
1540587038.5277734,2.78156,8.32153,,,
1540587038.6239316,2.78156,8.32153,,,
1540587038.732741,2.78156,8.32153,,,
1540587038.8402035,2.78043,8.32487,,,
1540587038.92805,2.78043,8.32487,,,
1540587039.0244431,2.78043,8.32487,,,
1540587039.1333117,2.7793,8.32487,,,
1540587039.231,2.7793,8.32797,0,0,0
1540587039.3277771,2.7793,8.32797,,,
1540587039.426166,2.7793,8.32797,,,
1540587039.5246546,2.77815,8.33183,,,
1540587039.6259017,2.77815,8.33183,,,
1540587039.7278757,2.77815,8.33183,,,
1540587039.8264544,2.7771,8.33466,,,
1540587039.9287732,2.7771,8.33466,,,
1540587040.039746,2.7771,8.33466,,,
1540587040.1381164,2.77596,8.33466,,,
1540587040.2237935,2.77596,8.33852,0,0,0
1540587040.3229072,2.77596,8.33852,,,
1540587040.4288707,2.77596,8.33852,,,
1540587040.5302603,2.77483,8.34134,,,
1540587040.6281347,2.77483,8.34134,,,
1540587040.7301457,2.77483,8.34134,,,
1540587040.8261933,2.77368,8.34134,,,
1540587040.9297562,2.77368,8.3452,,,
1540587041.0502002,2.77368,8.3452,,,
1540587041.130653,2.77248,8.3452,,,
1540587041.2292411,2.77248,8.3488,0,0,0
1540587041.3429625,2.77248,8.3488,,,
1540587041.442947,2.77135,8.3488,,,
1540587041.5271888,2.77135,8.35188,,,
1540587041.6290288,2.77135,8.35188,,,
1540587041.7320757,2.77135,8.35188,,,
1540587041.8333833,2.7702,8.35188,,,
1540587041.9284477,2.7702,8.35574,,,
1540587042.033364,2.7702,8.35574,,,
1540587042.1367474,2.76907,8.35574,,,
1540587042.236167,2.76907,8.35884,0,0,0
1540587042.3328407,2.76907,8.35884,,,
1540587042.4352956,2.76907,8.35884,,,
1540587042.5343482,2.76785,8.36244,,,
1540587042.6439466,2.76785,8.36244,,,
1540587042.7511227,2.76785,8.36244,,,
1540587042.8396497,2.76672,8.36244,,,
1540587042.934546,2.76672,8.36552,,,
1540587043.0395994,2.76672,8.36552,,,
1540587043.1391273,2.76552,8.36552,,,
1540587043.2369237,2.76552,8.36964,0,0,0
1540587043.3365815,2.76552,8.36964,,,
1540587043.4351974,2.76552,8.36964,,,
1540587043.5350204,2.76437,8.37325,,,
1540587043.6347258,2.76437,8.37325,,,
1540587043.732533,2.76437,8.37325,,,
1540587043.8342803,2.76317,8.37325,,,
1540587043.9455945,2.76317,8.37659,,,
1540587044.0560665,2.76317,8.37659,,,
1540587044.1395435,2.76196,8.37659,0,0,0
1540587044.2404652,2.76196,8.38069,,,
1540587044.34289,2.76196,8.38069,,,
1540587044.4446497,2.76196,8.38069,,,
1540587044.5378916,2.76082,8.38379,,,
1540587044.6361597,2.76082,8.38379,,,
1540587044.739332,2.76082,8.38379,,,
1540587044.838676,2.75961,8.38379,,,
1540587044.935394,2.75961,8.38765,,,
1540587045.0364027,2.75961,8.38765,,,
1540587045.1367612,2.75839,8.38765,,,
1540587045.2388566,2.75839,8.39099,0,0,0
1540587045.3582516,2.75839,8.39099,,,
1540587045.437098,2.75839,8.39099,,,
1540587045.536604,2.75719,8.39485,,,
1540587045.649523,2.75719,8.39485,,,
1540587045.7502277,2.75719,8.39485,,,
1540587045.8375094,2.75598,8.39485,,,
1540587045.9375036,2.75598,8.39845,,,
1540587046.0451648,2.75598,8.39845,,,
1540587046.1502116,2.75484,8.39845,,,
1540587046.2394395,2.75484,8.40205,0,0,0
1540587046.3400714,2.75484,8.40205,,,
1540587046.4410558,2.75484,8.40205,,,
1540587046.5409098,2.75363,8.40616,,,
1540587046.6403427,2.75363,8.40616,,,
1540587046.7380054,2.75363,8.40616,,,
1540587046.8383615,2.75243,8.40616,,,
1540587046.9568024,2.75243,8.40952,,,
1540587047.0577908,2.75243,8.40952,,,
1540587047.1399345,2.75243,8.40952,0,0,0
1540587047.2390895,2.75113,8.41336,,,
1540587047.349488,2.75113,8.41336,,,
1540587047.4524994,2.75113,8.41336,,,
1540587047.5402775,2.74992,8.41722,,,
1540587047.639665,2.74992,8.41722,,,
1540587047.746148,2.74992,8.41722,,,
1540587047.8462818,2.7487,8.41722,,,
1540587047.940454,2.7487,8.42082,,,
1540587048.041371,2.7487,8.42082,,,
1540587048.1415603,2.7487,8.42082,,,
1540587048.2417707,2.74742,8.42468,0,0,0
1540587048.3434253,2.74742,8.42468,,,
1540587048.4426827,2.74742,8.42468,,,
1540587048.5426898,2.74622,8.42854,,,
1540587048.6556783,2.74622,8.42854,,,
1540587048.75952,2.74622,8.42854,,,
1540587048.8407078,2.74492,8.42854,,,
1540587048.9397316,2.74492,8.4324,,,
1540587049.052848,2.74492,8.4324,,,
1540587049.1553261,2.74371,8.4324,,,
1540587049.2414274,2.74371,8.436,0,0,0
1540587049.3417556,2.74371,8.436,,,
1540587049.4506187,2.74371,8.436,,,
1540587049.5552032,2.74243,8.44012,,,
1540587049.6418085,2.74243,8.44012,,,
1540587049.7428515,2.74243,8.44012,,,
1540587049.8501003,2.74113,8.44012,,,
1540587049.9554582,2.74113,8.44423,,,
1540587050.0438879,2.74113,8.44423,,,
1540587050.1437297,2.74113,8.44423,,,
1540587050.2517376,2.73985,8.44757,0,0,0
1540587050.3556619,2.73985,8.44757,,,
1540587050.4487166,2.73985,8.44757,,,
1540587050.54872,2.73857,8.45195,,,
1540587050.6502087,2.73857,8.45195,,,
1540587050.751092,2.73857,8.45195,,,
1540587050.8478448,2.73727,8.45195,,,
1540587050.94312,2.73727,8.45581,,,
1540587051.044487,2.73727,8.45581,,,
1540587051.1467087,2.73727,8.45581,,,
1540587051.248456,2.73607,8.45967,0,0,0
1540587051.3486319,2.73607,8.45967,,,
1540587051.4469671,2.73607,8.45967,,,
1540587051.5609884,2.73471,8.46404,,,
1540587051.6641128,2.73471,8.46404,,,
1540587051.7492738,2.73471,8.46404,,,
1540587051.8484411,2.73341,8.46404,,,
1540587051.9548893,2.73341,8.4679,,,
1540587052.0599742,2.73341,8.4679,,,
1540587052.1501427,2.73341,8.4679,0,0,0
1540587052.2445226,2.73213,8.47176,,,
1540587052.35485,2.73213,8.47176,,,
1540587052.455928,2.73213,8.47176,,,
1540587052.5557241,2.73085,8.47176,,,
1540587052.6582742,2.73085,8.47639,,,
1540587052.7564402,2.73085,8.47639,,,
1540587052.8757143,2.72955,8.47639,,,
1540587052.9740849,2.72955,8.48,,,
1540587053.055458,2.72955,8.48,,,
1540587053.1513612,2.72955,8.48,0,0,0
1540587053.2633462,2.7282,8.4841,,,
1540587053.370577,2.7282,8.4841,,,
1540587053.4553304,2.7282,8.4841,,,
1540587053.5561051,2.72684,8.4841,,,
1540587053.6631172,2.72684,8.48874,,,
1540587053.7672591,2.72684,8.48874,,,
1540587053.858654,2.72556,8.48874,,,
1540587053.9566581,2.72556,8.49234,,,
1540587054.0608232,2.72556,8.49234,,,
1540587054.1620367,2.72556,8.49234,0,0,0
1540587054.2595108,2.72418,8.4967,,,
1540587054.3569283,2.72418,8.4967,,,
1540587054.456749,2.72418,8.4967,,,
1540587054.575962,2.7229,8.50082,,,
1540587054.6565897,2.7229,8.50082,,,
1540587054.754796,2.7229,8.50082,,,
1540587054.856537,2.72154,8.50082,,,
1540587054.9691932,2.72154,8.50494,,,
1540587055.0743222,2.72154,8.50494,,,
1540587055.1579523,2.72154,8.50494,0,0,0
1540587055.2524421,2.72017,8.50931,,,
1540587055.360968,2.72017,8.50931,,,
1540587055.4699621,2.72017,8.50931,,,
1540587055.558292,2.71881,8.50931,,,
1540587055.6552565,2.71881,8.51317,,,
1540587055.762801,2.71881,8.51317,,,
1540587055.8696802,2.71745,8.51317,,,
1540587055.9590178,2.71745,8.51755,,,
1540587056.0585983,2.71745,8.51755,,,
1540587056.1654556,2.71745,8.51755,0,0,0
1540587056.2716184,2.71608,8.52217,,,
1540587056.3594553,2.71608,8.52217,,,
1540587056.4589412,2.71608,8.52217,,,
1540587056.5645552,2.71472,8.52217,,,
1540587056.6637142,2.71472,8.52603,,,
1540587056.7634027,2.71472,8.52603,,,
1540587056.8615096,2.71336,8.52603,,,
1540587056.9582832,2.71336,8.53065,,,
1540587057.0589695,2.71336,8.53065,,,
1540587057.1620698,2.71336,8.53065,0,0,0
1540587057.262116,2.71193,8.53529,,,
1540587057.3593607,2.71193,8.53529,,,
1540587057.473903,2.71193,8.53529,,,
1540587057.5796394,2.71056,8.53529,,,
1540587057.666475,2.71056,8.53915,,,
1540587057.7614245,2.71056,8.53915,,,
1540587057.866872,2.7092,8.53915,,,
1540587057.974667,2.7092,8.54378,,,
1540587058.0633695,2.7092,8.54378,,,
1540587058.1635015,2.7092,8.54378,0,0,0
1540587058.2694376,2.70776,8.54868,,,
1540587058.3743753,2.70776,8.54868,,,
1540587058.4625292,2.70776,8.54868,,,
1540587058.562767,2.70639,8.54868,,,
1540587058.6599352,2.70639,8.55228,,,
1540587058.7604878,2.70639,8.55228,,,
1540587058.8648868,2.70639,8.55228,,,
1540587058.965378,2.70496,8.55716,,,
1540587059.0613008,2.70496,8.55716,,,
1540587059.1781561,2.70496,8.55716,0,0,0
1540587059.2849479,2.70352,8.56204,,,
1540587059.369352,2.70352,8.56204,,,
1540587059.4686728,2.70352,8.56204,,,
1540587059.5753,2.70209,8.56204,,,
1540587059.681793,2.70209,8.5659,,,
1540587059.7691317,2.70209,8.5659,,,
1540587059.8682587,2.70209,8.5659,,,
1540587059.9783177,2.70064,8.57079,,,
1540587060.0756938,2.70064,8.57079,,,
1540587060.1724472,2.70064,8.57079,0,0,0
1540587060.2695549,2.6992,8.57542,,,
1540587060.3680367,2.6992,8.57542,,,
1540587060.4659138,2.6992,8.57542,,,
1540587060.5681803,2.69777,8.57542,,,
1540587060.6684024,2.69777,8.57979,,,
1540587060.7685819,2.69777,8.57979,,,
1540587060.884801,2.69633,8.57979,,,
1540587060.985552,2.69633,8.58443,,,
1540587061.0772176,2.69633,8.58443,,,
1540587061.1706002,2.69633,8.58443,0,0,0
1540587061.2814724,2.69489,8.58931,,,
1540587061.384343,2.69489,8.58931,,,
1540587061.47571,2.69489,8.58931,,,
1540587061.5708234,2.69337,8.58931,,,
1540587061.6753318,2.69337,8.59393,,,
1540587061.774412,2.69337,8.59393,,,
1540587061.8719232,2.69337,8.59393,,,
1540587061.9709353,2.69194,8.59805,,,
1540587062.0666919,2.69194,8.59805,,,
1540587062.1683698,2.69194,8.59805,0,0,0
1540587062.2731023,2.69043,8.6032,,,
1540587062.370123,2.69043,8.6032,,,
1540587062.4668021,2.69043,8.6032,,,
1540587062.5828457,2.689,8.6032,,,
1540587062.6893878,2.689,8.60835,,,
1540587062.7745423,2.689,8.60835,,,
1540587062.8711052,2.689,8.60835,,,
1540587062.979822,2.68747,8.61246,,,
1540587063.082144,2.68747,8.61246,,,
1540587063.1706674,2.68747,8.61246,0,0,0
1540587063.272043,2.68596,8.6176,,,
1540587063.3671653,2.68596,8.6176,,,
1540587063.4695265,2.68596,8.6176,,,
1540587063.5726647,2.68452,8.6176,,,
1540587063.6741154,2.68452,8.6225,,,
1540587063.770205,2.68452,8.6225,,,
1540587063.889286,2.68452,8.6225,,,
1540587063.9898958,2.68294,8.62764,,,
1540587064.0771966,2.68294,8.62764,,,
1540587064.1766176,2.68294,8.62764,0,0,0
1540587064.291272,2.68141,8.632,,,
1540587064.3925598,2.68141,8.632,,,
1540587064.4790351,2.68141,8.632,,,
1540587064.578062,2.6799,8.632,,,
1540587064.6797318,2.6799,8.63716,,,
1540587064.7790391,2.6799,8.63716,,,
1540587064.8813763,2.6799,8.63716,,,
1540587064.978945,2.67839,8.64204,,,
1540587065.075852,2.67839,8.64204,,,
1540587065.1769187,2.67839,8.64204,0,0,0
1540587065.2985039,2.67688,8.64204,,,
1540587065.3781526,2.67688,8.64667,,,
1540587065.476979,2.67688,8.64667,,,
1540587065.5871408,2.67529,8.64667,,,
1540587065.6943462,2.67529,8.65181,,,
1540587065.7805078,2.67529,8.65181,,,
1540587065.8811426,2.67529,8.65181,,,
1540587065.9858682,2.67377,8.65697,,,
1540587066.0910769,2.67377,8.65697,,,
1540587066.1817493,2.67377,8.65697,0,0,0
1540587066.2813485,2.67218,8.65697,,,
1540587066.3780975,2.67218,8.66237,,,
1540587066.4793308,2.67218,8.66237,,,
1540587066.581931,2.67059,8.66237,,,
1540587066.681944,2.67059,8.66751,,,
1540587066.7792132,2.67059,8.66751,,,
1540587066.8975742,2.67059,8.66751,,,
1540587067.0066078,2.66901,8.67188,,,
1540587067.0877569,2.66901,8.67188,,,
1540587067.1849744,2.66901,8.67188,0,0,0
1540587067.2945848,2.66742,8.67728,,,
1540587067.3959587,2.66742,8.67728,,,
1540587067.4856212,2.66742,8.67728,,,
1540587067.5842972,2.66583,8.67728,,,
1540587067.6825988,2.66583,8.68268,,,
1540587067.7861285,2.66583,8.68268,,,
1540587067.892159,2.66583,8.68268,,,
1540587067.9920158,2.66423,8.68834,,,
1540587068.0899723,2.66423,8.68834,,,
1540587068.2072353,2.66423,8.68834,0,0,0
1540587068.3055131,2.66264,8.68834,,,
1540587068.3912709,2.66264,8.69324,,,
1540587068.4897447,2.66264,8.69324,,,
1540587068.600842,2.66098,8.69324,,,
1540587068.7047522,2.66098,8.69812,,,
1540587068.7888153,2.66098,8.69812,,,
1540587068.8893876,2.66098,8.69812,,,
1540587068.9963534,2.65939,8.70352,,,
1540587069.0953705,2.65939,8.70352,,,
1540587069.1963756,2.65939,8.70352,0,0,0
1540587069.2917724,2.65781,8.70352,,,
1540587069.3907526,2.65781,8.70918,,,
1540587069.493,2.65781,8.70918,,,
1540587069.6153917,2.65614,8.70918,,,
1540587069.695958,2.65614,8.71484,,,
1540587069.7896364,2.65614,8.71484,,,
1540587069.907118,2.65614,8.71484,,,
1540587070.008412,2.65446,8.71973,,,
1540587070.096724,2.65446,8.71973,,,
1540587070.1932857,2.65446,8.71973,0,0,0
1540587070.2967803,2.6528,8.71973,,,
1540587070.396641,2.6528,8.72513,,,
1540587070.4943469,2.6528,8.72513,,,
1540587070.5947475,2.65114,8.72513,,,
1540587070.6891642,2.65114,8.73053,,,
1540587070.7917986,2.65114,8.73053,,,
1540587070.8952227,2.65114,8.73053,,,
1540587070.9950833,2.64948,8.73619,,,
1540587071.0920258,2.64948,8.73619,,,
1540587071.2044961,2.64948,8.73619,0,0,0
1540587071.3067305,2.64781,8.73619,,,
1540587071.3967733,2.64781,8.7421,,,
1540587071.4963334,2.64781,8.7421,,,
1540587071.6040204,2.64607,8.7421,,,
1540587071.7051353,2.64607,8.74776,,,
1540587071.793751,2.64607,8.74776,,,
1540587071.8962374,2.64607,8.74776,,,
1540587071.9961576,2.64441,8.75266,,,
1540587072.1023545,2.64441,8.75266,,,
1540587072.201441,2.64441,8.75266,0,0,0
1540587072.3006747,2.64267,8.75266,,,
1540587072.3984363,2.64267,8.75856,,,
1540587072.5172038,2.64267,8.75856,,,
1540587072.6188426,2.64099,8.75856,,,
1540587072.704163,2.64099,8.76422,,,
1540587072.8042996,2.64099,8.76422,,,
1540587072.910166,2.64099,8.76422,,,
1540587073.0164213,2.63925,8.76988,,,
1540587073.1061046,2.63925,8.76988,,,
1540587073.2062998,2.63925,8.76988,0,0,0
1540587073.3154447,2.63751,8.76988,,,
1540587073.4136527,2.63751,8.7758,,,
1540587073.5132005,2.63751,8.7758,,,
1540587073.610315,2.63577,8.7758,,,
1540587073.7061272,2.63577,8.78172,,,
1540587073.8099086,2.63577,8.78172,,,
1540587073.9313293,2.63577,8.78172,,,
1540587074.0165708,2.63403,8.78763,,,
1540587074.1081617,2.63403,8.78763,,,
1540587074.2199564,2.63403,8.78763,0,0,0
1540587074.3239427,2.63229,8.78763,,,
1540587074.411818,2.63229,8.79381,,,
1540587074.5078092,2.63229,8.79381,,,
1540587074.614144,2.63229,8.79381,,,
1540587074.7141788,2.63048,8.79921,,,
1540587074.8139331,2.63048,8.79921,,,
1540587074.9107115,2.63048,8.79921,,,
1540587075.005893,2.62874,8.80537,,,
1540587075.1055644,2.62874,8.80537,,,
1540587075.2109172,2.62874,8.80537,0,0,0
1540587075.3096092,2.62692,8.80537,,,
1540587075.409912,2.62692,8.81078,,,
1540587075.522918,2.62692,8.81078,,,
1540587075.6297681,2.62518,8.81078,,,
1540587075.7159011,2.62518,8.81696,,,
1540587075.8131177,2.62518,8.81696,,,
1540587075.9202785,2.62518,8.81696,,,
1540587076.0167499,2.62337,8.82314,,,
1540587076.1117554,2.62337,8.82314,,,
1540587076.212152,2.62337,8.82314,0,0,0
1540587076.3146732,2.62155,8.82314,,,
1540587076.4143503,2.62155,8.8293,,,
1540587076.5122736,2.62155,8.8293,,,
1540587076.6107445,2.62155,8.8293,,,
1540587076.7106557,2.61974,8.83548,,,
1540587076.8092325,2.61974,8.83548,,,
1540587076.912501,2.61974,8.83548,,,
1540587077.0132027,2.61784,8.84164,,,
1540587077.1116636,2.61784,8.84164,,,
1540587077.222747,2.61784,8.84164,0,0,0
1540587077.3226686,2.61601,8.84164,,,
1540587077.4177923,2.61601,8.84808,,,
1540587077.5149033,2.61601,8.84808,,,
1540587077.6206784,2.61601,8.84808,,,
1540587077.7177577,2.61412,8.85425,,,
1540587077.815287,2.61412,8.85425,,,
1540587077.9155357,2.61412,8.85425,,,
1540587078.0148187,2.6123,8.86069,,,
1540587078.112819,2.6123,8.86069,,,
1540587078.2388813,2.6123,8.86069,0,0,0
1540587078.3204567,2.61041,8.86069,,,
1540587078.420063,2.61041,8.86711,,,
1540587078.5257194,2.61041,8.86711,,,
1540587078.6264853,2.60852,8.86711,,,
1540587078.7206364,2.60852,8.87355,,,
1540587078.8172312,2.60852,8.87355,,,
1540587078.9204125,2.60852,8.87355,,,
1540587079.023359,2.60663,8.87997,,,
1540587079.1183374,2.60663,8.87997,,,
1540587079.2196863,2.60663,8.87997,0,0,0
1540587079.3196015,2.60474,8.87997,,,
1540587079.4217136,2.60474,8.88641,,,
1540587079.5205605,2.60474,8.88641,,,
1540587079.6202786,2.60474,8.88641,,,
1540587079.7204397,2.60277,8.8931,,,
1540587079.8343506,2.60277,8.8931,,,
1540587079.932947,2.60277,8.8931,,,
1540587080.0207925,2.60088,8.8931,,,
1540587080.1196163,2.60088,8.89952,,,
1540587080.2261028,2.60088,8.89952,0,0,0
1540587080.3261805,2.59891,8.89952,,,
1540587080.420634,2.59891,8.90596,,,
1540587080.5201516,2.59891,8.90596,,,
1540587080.6225405,2.59891,8.90596,,,
1540587080.7260926,2.59702,8.91264,,,
1540587080.8219202,2.59702,8.91264,,,
1540587080.9213436,2.59702,8.91264,,,
1540587081.0208628,2.59505,8.91264,,,
1540587081.1232443,2.59505,8.91959,,,
1540587081.2400818,2.59505,8.91959,0,0,0
1540587081.3218563,2.593,8.91959,,,
1540587081.4188926,2.593,8.92603,,,
1540587081.5347629,2.593,8.92603,,,
1540587081.6368935,2.593,8.92603,,,
1540587081.7204127,2.59103,8.93323,,,
1540587081.8138962,2.59103,8.93323,,,
1540587081.9267898,2.59103,8.93323,,,
1540587082.032351,2.58907,8.93323,,,
1540587082.120381,2.58907,8.94069,,,
1540587082.2178595,2.58907,8.94069,0,0,0
1540587082.3248763,2.58704,8.94069,,,
1540587082.431771,2.58704,8.94763,,,
1540587082.5214736,2.58704,8.94763,,,
1540587082.6206934,2.58704,8.94763,,,
1540587082.727528,2.58499,8.95432,,,
1540587082.832125,2.58499,8.95432,,,
1540587082.9212916,2.58499,8.95432,,,
1540587083.0214841,2.58295,8.95432,,,
1540587083.1277783,2.58295,8.96152,,,
1540587083.225487,2.58295,8.96152,0,0,0
1540587083.3260598,2.5809,8.96152,,,
1540587083.4244924,2.5809,8.9682,,,
1540587083.5204444,2.5809,8.9682,,,
1540587083.6202023,2.5809,8.9682,,,
1540587083.723683,2.57886,8.97516,,,
1540587083.8224776,2.57886,8.97516,,,
1540587083.9204893,2.57886,8.97516,,,
1540587084.0349696,2.57681,8.98312,,,
1540587084.1429367,2.57681,8.98312,,,
1540587084.2287507,2.57681,8.98312,0,0,0
1540587084.325986,2.57469,8.98312,,,
1540587084.437748,2.57469,8.99059,,,
1540587084.5396705,2.57469,8.99059,,,
1540587084.6281533,2.57469,8.99059,,,
1540587084.7277493,2.57257,8.99753,,,
1540587084.829476,2.57257,8.99753,,,
1540587084.925873,2.57257,8.99753,,,
1540587085.027733,2.57053,8.99753,,,
1540587085.1282477,2.57053,9.00473,,,
1540587085.2256336,2.57053,9.00473,0,0,0
1540587085.3245704,2.57053,9.00473,,,
1540587085.4446855,2.56841,9.01193,,,
1540587085.5276482,2.56841,9.01193,,,
1540587085.629749,2.56841,9.01193,,,
1540587085.7402813,2.56621,9.02017,,,
1540587085.8396802,2.56621,9.02017,,,
1540587085.929786,2.56621,9.02017,,,
1540587086.029881,2.56409,9.02017,,,
1540587086.1287796,2.56409,9.02763,,,
1540587086.2264466,2.56409,9.02763,0,0,0
1540587086.3301854,2.56409,9.02763,,,
1540587086.4319208,2.56198,9.03484,,,
1540587086.5285213,2.56198,9.03484,,,
1540587086.6455047,2.56198,9.03484,,,
1540587086.750529,2.55978,9.04204,,,
1540587086.8312883,2.55978,9.04204,,,
1540587086.9282842,2.55978,9.04204,,,
1540587087.0416837,2.55759,9.04204,,,
1540587087.1482947,2.55759,9.04974,,,
1540587087.2324607,2.55759,9.04974,0,0,0
1540587087.327135,2.55759,9.04974,,,
1540587087.4343405,2.55539,9.05824,,,
1540587087.5446043,2.55539,9.05824,,,
1540587087.6297507,2.55539,9.05824,,,
1540587087.7319481,2.55319,9.06569,,,
1540587087.8368454,2.55319,9.06569,,,
1540587087.943715,2.55319,9.06569,,,
1540587088.0320833,2.55099,9.06569,,,
1540587088.131674,2.55099,9.07341,,,
1540587088.2318704,2.55099,9.07341,0,0,0
1540587088.3290036,2.55099,9.07341,,,
1540587088.4306242,2.54872,9.08189,,,
1540587088.5314906,2.54872,9.08189,,,
1540587088.628923,2.54872,9.08189,,,
1540587088.7329254,2.54646,9.08961,,,
1540587088.8526368,2.54646,9.08961,,,
1540587088.9347248,2.54646,9.08961,,,
1540587089.0360022,2.54419,9.08961,,,
1540587089.1424484,2.54419,9.09785,,,
1540587089.2463598,2.54419,9.09785,0,0,0
1540587089.3344038,2.54419,9.09785,,,
1540587089.4336143,2.54192,9.10608,,,
1540587089.5328186,2.54192,9.10608,,,
1540587089.6343584,2.54192,9.10608,,,
1540587089.7342281,2.53964,9.10608,,,
1540587089.8336635,2.53964,9.11482,,,
1540587089.9323556,2.53964,9.11482,,,
1540587090.0517309,2.53729,9.11482,,,
1540587090.1579225,2.53729,9.1228,,,
1540587090.2399244,2.53729,9.1228,0,0,0
1540587090.3356042,2.53729,9.1228,,,
1540587090.445099,2.53503,9.13077,,,
1540587090.5516138,2.53503,9.13077,,,
1540587090.6398294,2.53503,9.13077,,,
1540587090.7386222,2.53268,9.13077,,,
1540587090.8473396,2.53268,9.13953,,,
1540587090.9540498,2.53268,9.13953,,,
1540587091.033093,2.53026,9.13953,,,
1540587091.1355886,2.53026,9.14827,,,
1540587091.2418408,2.53026,9.14827,0,0,0
1540587091.3391662,2.53026,9.14827,,,
1540587091.4409788,2.52791,9.15675,,,
1540587091.5398877,2.52791,9.15675,,,
1540587091.6387782,2.52791,9.15675,,,
1540587091.7399995,2.5255,9.15675,,,
1540587091.8421383,2.5255,9.16498,,,
1540587091.9402766,2.5255,9.16498,,,
1540587092.0382779,2.52307,9.16498,,,
1540587092.1547303,2.52307,9.17424,,,
1540587092.2589912,2.52307,9.17424,0,0,0
1540587092.3425305,2.52307,9.17424,,,
1540587092.4408813,2.52065,9.18324,,,
1540587092.5522065,2.52065,9.18324,,,
1540587092.6552613,2.52065,9.18324,,,
1540587092.7423053,2.51822,9.18324,,,
1540587092.8436756,2.51822,9.19174,,,
1540587092.949047,2.51822,9.19174,,,
1540587093.0483043,2.51581,9.19174,,,
1540587093.1498172,2.51581,9.20125,,,
1540587093.2445014,2.51581,9.20125,0,0,0
1540587093.3448923,2.51581,9.20125,,,
1540587093.4426494,2.51331,9.20975,,,
1540587093.5448081,2.51331,9.20975,,,
1540587093.6447356,2.51331,9.20975,,,
1540587093.7447212,2.5108,9.20975,,,
1540587093.8592646,2.5108,9.21901,,,
1540587093.9586062,2.5108,9.21901,,,
1540587094.043608,2.5083,9.21901,,,
1540587094.1426044,2.5083,9.22826,,,
1540587094.2536826,2.5083,9.22826,0,0,0
1540587094.3527894,2.5083,9.22826,,,
1540587094.4537842,2.50581,9.23727,,,
1540587094.5485883,2.50581,9.23727,,,
1540587094.647,2.50581,9.23727,,,
1540587094.7459383,2.50331,9.23727,,,
1540587094.8435624,2.50331,9.24678,,,
1540587094.94205,2.50331,9.24678,,,
1540587095.039767,2.50331,9.24678,,,
1540587095.1606631,2.50073,9.2563,,,
1540587095.261799,2.50073,9.2563,0,0,0
1540587095.3499422,2.50073,9.2563,,,
1540587095.448962,2.49817,9.26582,,,
